date,max(buy),min(buy),mean(buy),mean-std(buy),mean-2std(buy),mean-2.5std(buy),price_quantile_90(buy),price_quantile_95(buy),price_quantile_N(buy),max(sell),min(sell),mean(sell),mean+std(sell),mean+2std(sell),mean+2.5std(sell),price_quantile_90(sell),price_quantile_95(sell),price_quantile_N(sell)
20220908_0,28.0,14.0,21.44856459330144,19.698198887301107,17.94783318130078,17.072650328300618,24.0,24.0,24.0,12.0,-28.0,6.270334928229665,8.100628683849607,9.93092243946955,10.84606931727952,4.0,4.0,4.0
20220908_1,36.0,8.0,21.27862939585212,16.48101947677439,11.683409557696658,9.284604598157792,26.0,30.0,30.0,12.0,-10.0,3.27321911632101,8.34546028886141,13.417701461401812,15.953822047672013,-6.0,-8.0,-8.0
20220908_2,28.0,14.0,20.30674846625767,18.21644254882108,16.12613663138449,15.080983672666198,24.0,24.0,24.0,14.0,2.0,6.093558282208589,8.260884529416124,10.428210776623658,11.511873900227425,4.0,4.0,4.0
20220909_0,24.0,24.0,24.0,,,,24.0,24.0,24.0,2.0,2.0,2.0,,,,2.0,2.0,2.0
20220909_1,32.0,14.0,22.306569343065693,19.4841391271922,16.661708911318698,15.25049380338195,26.0,28.0,28.0,18.0,-6.0,7.672820953198798,11.27471821756743,14.876615481936064,16.67756411412038,2.0,0.0,0.0
20220909_2,30.0,14.0,20.59073055773763,19.03774332153672,17.484756085335796,16.708262467235336,22.0,22.0,22.0,16.0,2.0,6.384917517674784,8.284807951527247,10.18469838537971,11.134643602305944,4.0,4.0,4.0
20220913_0,38.0,18.0,27.971333014811275,25.463383895256488,22.9554347757017,21.701460215924307,32.0,32.0,32.0,18.0,-4.0,7.039655996177736,10.532458521382315,14.025261046586897,15.771662309189184,2.0,2.0,2.0
20220913_1,126.0,18.0,28.69445451250453,24.765174623334048,20.835894734163567,18.871254789578327,32.0,36.0,36.0,22.0,-128.0,9.662196447988402,14.565805657661482,19.46941486733456,21.9212194721711,6.0,2.0,2.0
20220913_2,36.0,18.0,28.767543859649123,27.2495274655466,25.73151107144408,24.972502874392816,30.0,30.0,30.0,24.0,-4.0,11.732456140350877,15.58052911949164,19.428602098632403,21.352638588202783,4.0,2.0,2.0
20220914_0,38.0,18.0,26.99170124481328,24.493765696591392,21.995830148369507,20.74686237425856,30.0,30.0,30.0,20.0,-2.0,10.900414937759336,13.551249241421983,16.202083545084633,17.527500696915958,8.0,6.0,6.0
20220914_1,32.0,18.0,23.657347670250896,21.1265882350654,18.595828799879904,17.330449082287153,26.0,28.0,28.0,18.0,2.0,10.54910394265233,13.233800247026526,15.918496551400722,17.26084470358782,8.0,6.0,6.0
20220914_2,42.0,20.0,29.36546184738956,25.909257705280183,22.45305356317081,20.724951492116126,32.0,34.0,34.0,26.0,8.0,14.240963855421686,17.693558657303903,21.14615345918612,22.872450860127227,10.0,10.0,10.0
20220915_0,52.0,22.0,41.29173693086003,36.048304672118086,30.80487241337613,28.18315628400516,46.0,48.0,48.0,40.0,12.0,26.776840921866217,31.60425641007808,36.431671898289935,38.84537964239587,20.0,18.0,18.0
20220915_1,36.0,18.0,26.556268221574346,23.033934070143005,19.511599918711667,17.750432842995995,32.0,32.0,32.0,24.0,4.0,12.672886297376094,15.890715966388948,19.1085456354018,20.717460469908225,8.0,8.0,8.0
20220915_2,48.0,26.0,38.71799307958477,33.75509473774185,28.792196395898927,26.31074722497746,44.0,46.0,46.0,34.0,-4.0,20.82179930795848,24.36733374186623,27.912868175773983,29.68563539272786,16.0,16.0,16.0
20220916_0,66.0,22.0,41.9230275817832,36.78321323983333,31.643398897883465,29.07349172690853,48.0,50.0,50.0,50.0,14.0,23.025016035920466,27.35821951124167,31.691422986562884,33.85802472422348,18.0,16.0,16.0
20220916_1,44.0,30.0,40.075,37.67575690432372,35.27651380864744,34.0768922608093,42.0,42.09999999999991,42.09999999999991,34.0,14.0,24.5,28.991699605323983,33.48339921064797,35.72924901330996,18.0,16.0,16.0
20220916_2,54.0,26.0,41.45670628183362,35.7713652348033,30.08602418777297,27.24335366425781,48.0,50.0,50.0,42.0,14.0,26.39898132427844,33.58485429937788,40.77072727447732,44.36366376202704,18.0,18.0,18.0
20220919_0,44.0,-76.0,23.465507876154263,19.61489670571085,15.76428553526744,13.838979950045736,26.0,28.0,28.0,18.0,-100.0,7.2047800108636615,10.85138339888289,14.497986786902118,16.321288480911733,4.0,4.0,4.0
20220919_1,48.0,22.0,36.99092558983666,33.10443943511214,29.217953280387626,27.274710203025364,40.0,42.0,42.0,34.0,12.0,22.598003629764065,26.9664120272652,31.33482042476632,33.519024623516884,16.0,14.0,14.0
20220919_2,38.0,14.0,27.54316791298437,22.013962286905706,16.484756660827045,13.720153847787715,36.0,36.0,36.0,26.0,-6.0,14.04214819850442,19.224101892777124,24.406055587049828,26.99703243418618,8.0,6.0,6.0
20220920_0,42.0,4.0,25.20829220138204,23.01626391790488,20.82423563442773,19.728221492689148,28.0,28.0,28.0,16.0,-10.0,9.90720631786772,12.334067806563192,14.760929295258666,15.974360039606402,8.0,6.0,6.0
20220920_1,36.0,12.0,22.83432916892993,19.176812311370963,15.519295453811996,13.690537025032514,28.0,30.0,30.0,18.0,0.0,7.468766974470396,10.628676688803203,13.788586403136012,15.368541260302417,4.0,4.0,4.0
20220920_2,32.0,18.0,24.357142857142858,22.308193128936075,20.25924340072929,19.2347685366259,26.0,28.0,28.0,14.0,4.0,8.543189368770765,10.230448887136031,11.9177084055013,12.761338164683934,6.0,6.0,6.0
20220921_0,52.0,14.0,21.045501551189243,18.001931423469802,14.95836129575036,13.43657623189064,24.0,24.0,24.0,16.0,-8.0,6.185108583247156,8.556010294313495,10.926912005379831,12.112362860913002,4.0,2.0,2.0
20220921_1,30.0,12.0,22.21946375372393,19.940922088176283,17.662380422628633,16.52310958985481,24.0,26.0,26.0,14.0,0.0,5.849056603773585,8.307060875792907,10.76506514781223,11.994067283821892,4.0,2.0,2.0
20220921_2,36.0,16.0,24.17926421404682,19.95718630208583,15.735108390124845,13.62406943414435,32.0,32.0,32.0,18.0,0.0,6.481605351170568,9.003430319214383,11.525255287258195,12.786167771280104,4.0,4.0,4.0
20220922_0,108.0,-52.0,31.21028345418589,27.075840989059905,22.94139852393392,20.874177291370927,34.0,34.0,34.0,86.0,-76.0,14.65260382333553,19.931496065840623,25.21038830834572,27.849834429598268,8.0,6.0,6.0
20220922_1,26.0,10.0,17.611850579647918,15.678121106516135,13.74439163338436,12.777526896818468,20.0,20.0,20.0,14.0,-6.0,3.0966079862601976,5.554785936072441,8.012963885884684,9.242052860790803,0.0,0.0,0.0
20220922_2,38.0,14.0,22.592391304347824,18.302723766456747,14.01305622856567,11.868222459620132,26.0,32.0,32.0,22.0,2.0,7.795289855072464,11.202622291325044,14.609954727577623,16.313620945703914,4.0,4.0,4.0
20220923_0,32.0,32.0,32.0,,,,32.0,32.0,32.0,14.0,14.0,14.0,,,,14.0,14.0,14.0
20220923_1,34.0,14.0,25.851776649746192,21.49837370405178,17.144970758357367,14.96826928551016,30.0,32.0,32.0,22.0,0.0,9.462944162436548,12.269360930416768,15.075777698396983,16.47898608238709,6.0,6.0,6.0
20220923_2,32.0,14.0,23.453237410071942,18.738680459193954,14.024123508315968,11.666845032876973,30.0,30.0,30.0,12.0,2.0,7.028776978417266,8.97180095694371,10.914824935470156,11.886336924733378,4.0,4.0,4.0
20220926_0,36.0,8.0,22.15400516795865,18.16240939109341,14.170813614228166,12.175015725795545,28.0,28.0,28.0,12.0,-8.0,5.930749354005168,8.143189552185856,10.355629750366544,11.461849849456886,4.0,2.0,2.0
20220926_1,22.0,8.0,16.358481499279193,13.105038589073096,9.851595678866996,8.224874223763948,20.0,22.0,22.0,10.0,-4.0,3.0072080730418067,5.8902563295705175,8.77330458609923,10.214828714363584,-2.0,-2.0,-2.0
20220926_2,24.0,8.0,16.195569962182603,13.469400124153776,10.74323028612495,9.380145367110536,20.0,20.0,20.0,10.0,-6.0,1.9978390059427336,4.511369026733836,7.024899047524938,8.281664057920489,-2.0,-2.0,-2.0
20220927_0,32.0,-30.0,13.892047499100396,10.518516608023692,7.144985716946986,5.458220271408633,20.0,20.0,20.0,10.0,-56.0,0.7247211227060093,4.336975865445894,7.94923060818578,9.755357979555722,-4.0,-6.0,-6.0
20220927_1,44.0,10.0,19.11191992720655,16.395588588992233,13.67925725077792,12.32109158167076,22.0,22.0,22.0,12.0,-8.0,6.790718835304823,8.87734210293381,10.963965370562796,12.007277004377288,4.0,4.0,4.0
20220927_2,34.0,12.0,18.447244094488187,14.542753402919804,10.63826271135142,8.68601736556723,26.0,28.0,28.0,20.0,-2.0,5.64251968503937,8.538361101189855,11.43420251734034,12.88212322541558,2.0,2.0,2.0
20220928_0,34.0,18.0,25.309988942130484,22.277452783570247,19.244916625010006,17.72864854572989,30.0,30.0,30.0,20.0,-6.0,9.138960560265389,11.860868014166655,14.582775468067922,15.943729195018555,6.0,6.0,6.0
20220928_1,32.0,4.0,13.805840568271508,7.902805371026926,1.9997701737823448,-0.9517474248399456,24.0,28.0,28.0,16.0,-8.0,0.3212312549329124,5.600278986300106,10.8793267176673,13.518850583350895,-6.0,-6.0,-6.0
20220928_2,26.0,6.0,17.422907488986784,12.373907945676695,7.32490840236661,4.800408630711566,22.0,24.0,24.0,12.0,-8.0,0.8920704845814978,5.1589944903873,9.4259184961931,11.559380499096,-4.0,-6.0,-6.0
20220929_0,48.0,10.0,22.41606246514222,18.98908039064089,15.56209831613956,13.848607278888895,26.0,26.0,26.0,20.0,-22.0,3.370886781929727,6.931769896368772,10.492653010807818,12.27309456802734,0.0,0.0,0.0
20220929_1,36.0,20.0,28.045681063122924,26.324943754479403,24.60420644583588,23.74383779151412,30.0,30.0,30.0,20.0,0.0,12.621262458471762,15.069105710365903,17.516948962260045,18.74087058820712,10.0,8.0,8.0
20220929_2,32.0,20.0,27.51505791505792,25.508989769292885,23.50292162352785,22.49988755064534,30.0,30.0,30.0,18.0,8.0,13.675675675675675,15.204326267025994,16.73297685837631,17.49730215405147,12.0,12.0,12.0
20220930_0,28.0,28.0,28.0,,,,28.0,28.0,28.0,-2.0,-2.0,-2.0,,,,-2.0,-2.0,-2.0
20220930_1,34.0,12.0,27.099026903262736,22.494515174299224,17.890003445335715,15.58774758085396,32.0,32.0,32.0,20.0,-6.0,8.016027475672582,14.005687869442127,19.995348263211675,22.990178460096445,0.0,-2.0,-2.0
20220930_2,34.0,16.0,30.36907216494845,28.273356311587776,26.177640458227096,25.12978253154676,32.0,32.0,32.0,20.0,-6.0,12.11340206185567,15.431975022410574,18.75054798296548,20.40983446324293,8.0,8.0,8.0
20221010_0,52.0,32.0,41.79372197309417,37.27224608654749,32.75077020000081,30.490032256727467,48.0,50.0,50.0,32.0,18.0,23.68609865470852,26.39579670795596,29.105494761203392,30.46034378782711,20.0,20.0,20.0
20221010_1,104.0,26.0,38.03527929441411,32.9631509501322,27.891022605850274,25.35495843370932,42.0,46.0,46.0,32.0,-42.0,21.499370012599748,25.562074386516105,29.624778760432463,31.656130947390643,18.0,16.0,16.0
20221010_2,48.0,16.0,35.10939907550077,28.68783616893165,22.26627326236253,19.05549180907797,42.0,44.0,44.0,32.0,8.0,20.42218798151001,25.031679077966537,29.641170174423056,31.94591572265132,14.0,10.799999999999995,10.800000000000054
20221011_0,38.0,20.0,26.150083379655364,24.169718489359425,22.18935359906348,21.19917115391551,28.0,28.0,28.0,20.0,-10.0,13.005002779321844,15.324211508518223,17.643420237714604,18.8030246023128,10.0,10.0,10.0
20221011_1,52.0,20.0,31.2652329749104,27.587798541011924,23.91036410711345,22.071646890164217,36.0,36.0,36.0,28.0,0.0,19.701612903225808,23.103650036079618,26.50568716893343,28.206705735360337,14.0,14.0,14.0
20221011_2,30.0,16.0,25.560571858540257,23.51453286175992,21.46849386497958,20.44547436658941,28.0,28.0,28.0,20.0,6.0,13.334838224228744,15.52393995971224,17.713041695195734,18.807592562937486,10.0,10.0,10.0
20221012_0,52.0,16.0,27.66745098039216,23.58865494573004,19.509858911067923,17.470460893736867,32.0,34.0,34.0,22.0,-48.0,7.716078431372549,14.067212793527952,20.41834715568336,23.593914336761056,2.0,-4.0,-4.0
20221012_1,34.0,8.0,24.05392156862745,20.039595987356456,16.025270406085458,14.01810761544996,28.0,30.0,30.0,18.0,-6.0,7.079656862745098,10.65469504177348,14.229733220801862,16.017252310316053,4.0,2.0,2.0
20221012_2,34.0,22.0,29.83240223463687,27.57917677245156,25.325951310266248,24.19933857917359,32.0,32.0,32.0,18.0,-2.0,9.564245810055866,14.169715744556129,18.775185679056392,21.077920646306524,4.0,0.0,0.0
20221013_0,50.0,20.0,30.878164556962027,27.71698407677381,24.555803596585594,22.975213356491487,34.0,36.0,36.0,24.0,-16.0,14.94620253164557,20.57248556625659,26.19876860086761,29.01191011817312,10.0,4.0,4.0
20221013_1,40.0,16.0,28.23093220338983,24.9651098358,21.699287468210173,20.066376284415256,32.0,32.0,32.0,18.0,-4.0,9.430084745762713,12.856850082271096,16.28361541877948,17.996998087033674,6.0,2.0,2.0
20221013_2,32.0,22.0,28.2713567839196,25.644598747962835,23.01784071200608,21.70446169402769,32.0,32.0,32.0,22.0,2.0,10.251256281407036,13.233330344097183,16.21540440678733,17.7064414381324,6.0,6.0,6.0
20221014_0,50.0,-68.0,18.57317073170732,11.669807626045138,4.76644452038296,1.3147629675518715,28.0,28.0,28.0,18.0,-84.0,-1.3439024390243903,5.336213985735429,12.016330410495248,15.356388622875158,-8.0,-12.0,-12.0
20221014_1,46.0,24.0,33.8511263467189,30.808718372906228,27.766310399093555,26.24510641218722,38.0,38.0,38.0,26.0,4.0,14.730656219392753,17.968140485435686,21.205624751478624,22.82436688450009,12.0,10.0,10.0
20221014_2,40.0,20.0,29.431578947368426,24.556461271602217,19.68134359583601,17.24378475795291,36.0,38.0,38.0,24.0,4.0,12.84812030075188,16.20483900618933,19.561557711626783,21.239917064345505,10.0,8.0,8.0
20221017_0,54.0,10.0,20.17570093457944,15.842634885175958,11.50956883577248,9.343035811070738,24.0,24.0,24.0,30.0,-26.0,-4.119626168224299,-0.8084087549222536,2.5028086583797915,4.158417365030815,-8.0,-8.0,-8.0
20221017_1,28.0,6.0,16.546546546546548,12.314179216231484,8.081811885916423,5.965628220758891,22.0,24.0,24.0,10.0,-12.0,-1.4114114114114114,2.8514175088146154,7.114246429040643,9.245660889153656,-8.0,-8.0,-8.0
20221017_2,28.0,8.0,18.610576923076923,15.584221422121198,12.557865921165472,11.04468817068761,22.0,24.0,24.0,8.0,-6.0,0.9182692307692308,3.260763604035874,5.603257977302517,6.774505163935839,-2.0,-2.0,-2.0
20221018_0,44.0,10.0,17.77578475336323,13.528498692009148,9.281212630655064,7.157569599978023,22.0,24.0,24.0,16.0,-12.0,2.5547725816784115,6.607277896079335,10.659783210480258,12.68603586768072,-2.0,-2.0,-2.0
20221018_1,42.0,10.0,24.33954857703631,17.22399129772001,10.108434018403708,6.550655378745557,38.0,40.0,40.0,18.0,-8.0,1.7684003925417076,8.822592982547734,15.87678557255376,19.403881867556773,-6.0,-6.0,-6.0
20221018_2,44.0,22.0,34.103092783505154,29.88681873859749,25.67054469368984,23.56240767123601,40.0,40.0,40.0,24.0,8.0,13.790868924889544,17.650940490119083,21.511012055348623,23.4410478379634,10.0,8.0,8.0
20221019_0,38.0,12.0,23.775956284153004,18.927570510744136,14.079184737335266,11.654991850630832,30.0,32.0,32.0,14.0,-8.0,3.9248633879781423,6.845988155278649,9.767112922579155,11.227675306229408,0.0,-2.0,-2.0
20221019_1,30.0,8.0,18.751076658053403,15.83130736594855,12.911538073843698,11.451653427791271,22.0,22.0,22.0,8.0,-6.0,1.388458225667528,3.5190655011319656,5.649672776596404,6.714976414328623,-2.0,-2.0,-2.0
20221019_2,36.0,10.0,17.389903329752954,13.66070077276108,9.931498215769206,8.06689693727327,22.0,24.0,24.0,8.0,-4.0,2.277121374865736,4.945233083865922,7.6133447928661075,8.947400647366202,-2.0,-2.0,-2.0
20221020_0,36.0,16.0,22.23464305478694,18.7555080201018,15.276372985416655,13.536805468074087,26.0,28.0,28.0,18.0,-22.0,9.211953514111787,11.609560040740169,14.007166567368548,15.205969830682736,6.0,6.0,6.0
20221020_1,34.0,12.0,22.928628708901364,18.72507522140713,14.521521733912897,12.419744990165778,28.0,30.0,30.0,18.0,-12.0,5.052125100240578,7.784079149663386,10.516033199086191,11.882010223797597,2.0,2.0,2.0
20221020_2,32.0,14.0,22.62648221343873,19.78013513897147,16.933788064504206,15.510614527270572,26.0,28.0,28.0,14.0,0.0,7.177865612648222,9.895719574505918,12.613573536363614,13.97250051729246,4.0,2.0,2.0
20221021_0,80.0,-30.0,14.715238583889176,11.755640911055828,8.796043238222481,7.316244401805808,16.0,16.0,16.0,56.0,-60.0,4.596203181118522,7.114229760808836,9.63225634049915,10.891269630344308,2.0,2.0,2.0
20221021_1,32.0,16.0,20.94736842105263,18.82252024833885,16.697672075625075,15.635247989268189,24.0,24.0,24.0,16.0,-2.0,10.075694855115316,11.582741627936452,13.089788400757593,13.84331178716816,8.0,8.0,8.0
20221021_2,24.0,10.0,19.00207039337474,16.446573248548354,13.891076103721968,12.613327531308776,22.0,22.0,22.0,14.0,-2.0,9.233954451345756,11.559110035642735,13.884265619939717,15.046843412088204,6.0,6.0,6.0
20221024_0,36.0,-32.0,11.230828516377647,8.936998694862337,6.643168873347025,5.496253962589369,14.0,14.0,14.0,8.0,-52.0,1.4296724470134874,3.4990097771653126,5.568347107317138,6.603015772393051,0.0,-2.0,-2.0
20221024_1,36.0,10.0,17.42728184553661,14.678934180865712,11.930586516194817,10.556412683859367,20.0,22.0,22.0,14.0,-4.0,6.992978936810431,9.528219934578969,12.063460932347509,13.331081431231777,4.0,2.0,2.0
20221024_2,22.0,12.0,17.704489795918366,16.14703216576984,14.589574535621312,13.81084572054705,20.0,20.0,20.0,12.0,-4.0,6.773877551020409,8.835502505349949,10.897127459679488,11.927939936844258,4.0,4.0,4.0
20221025_0,32.0,6.0,10.55047153335662,8.115255233133718,5.680038932910818,4.462430782799367,14.0,14.0,14.0,6.0,-30.0,-0.3318197694725812,1.5686354353861645,3.4690906402449104,4.419318242674283,-2.0,-2.0,-2.0
20221025_1,16.0,4.0,10.065001981767736,8.22900846470869,6.393014947649644,5.475018189120121,12.0,12.0,12.0,4.0,-6.0,-0.730875941339675,1.0612852396702723,2.8534464206802195,3.7495270111851937,-4.0,-4.0,-4.0
20221025_2,14.0,6.0,9.643939393939394,7.733779114402904,5.823618834866414,4.868538695098168,12.0,12.0,12.0,4.0,-6.0,-0.8075757575757576,1.2571693317439454,3.3219144210636484,4.3542869657235,-4.0,-4.0,-4.0
20221026_0,30.0,4.0,8.33509513742072,6.568199709969832,4.801304282518946,3.917856568793504,10.0,10.0,10.0,4.0,-14.0,-1.1321353065539113,0.5494076021661012,2.230950510886114,3.07172196524612,-4.0,-4.0,-4.0
20221026_1,30.0,8.0,12.719349215572342,10.870175032963049,9.021000850353753,8.096413759049106,14.0,16.0,16.0,6.0,-18.0,1.960488088320744,3.693430402408813,5.426372716496882,6.292843873540917,0.0,0.0,0.0
20221026_2,16.0,4.0,11.466882067851373,9.11399255535212,6.76110304285287,5.584658286603244,14.0,14.0,14.0,6.0,-8.0,1.394184168012924,3.2380575746930846,5.081930981373246,6.003867684713326,0.0,-2.0,-2.0
20221027_0,28.0,-30.0,5.5232609658839165,2.335363528605253,-0.8525339086734096,-2.446482627312741,10.0,10.0,10.0,2.0,-54.0,-4.622064687638458,-1.8164044719648584,0.9892557437087416,2.392085851545541,-8.0,-8.0,-8.0
20221027_1,14.0,2.0,6.325452016689847,4.569527419968539,2.81360282324723,1.935640524886576,8.0,10.0,10.0,2.0,-8.0,-3.1061659712563747,-1.3067783212690909,0.4926093287181934,1.392303153711835,-6.0,-6.0,-6.0
20221027_2,12.0,2.0,6.987573577501635,5.020441177058791,3.053308776615947,2.0697425763945247,10.0,10.0,10.0,2.0,-10.0,-3.396991497710922,-1.4339784406065508,0.5290346164978206,1.5105411450500066,-6.0,-8.0,-8.0
20221028_0,12.0,-6.0,-1.1955684007707128,-2.9914940746677487,-4.787419748564785,-5.6853825855133024,2.0,2.0,2.0,-6.0,-38.0,-10.506743737957612,-8.575528303497192,-6.644312869036772,-5.678705151806562,-12.0,-14.0,-14.0
20221028_1,10.0,-6.0,3.4097902097902097,1.2516714234182382,-0.9064473629537332,-1.9855067561397195,6.0,6.0,6.0,-2.0,-16.0,-7.677622377622377,-4.872367737412203,-2.067113097202029,-0.6644857770969423,-12.0,-12.0,-12.0
20221028_2,8.0,-6.0,0.2132112491824722,-2.895475820355606,-6.004162889893684,-7.558506424662723,4.0,4.0,4.0,-6.0,-18.0,-11.948986265533028,-9.998013067533158,-8.04703986953329,-7.071553270533356,-14.0,-14.0,-14.0
20221031_0,20.0,-4.0,-0.2048192771084337,-2.144703564168409,-4.084587851228385,-5.054529994758372,2.0,2.0,2.0,-6.0,-32.0,-10.467871485943776,-8.365047122398915,-6.262222758854054,-5.210810577081624,-12.0,-14.0,-14.0
20221031_1,8.0,-12.0,-3.3375541486171274,-5.605817628862938,-7.874081109108748,-9.008212849231654,0.0,2.0,2.0,-6.0,-22.0,-13.220926357880709,-11.18733136176141,-9.153736365642114,-8.136938867582465,-16.0,-16.0,-16.0
20221031_2,14.0,-8.0,-2.4167424931756143,-4.772437823666403,-7.128133154157191,-8.305980819402585,0.0,0.0,0.0,-8.0,-22.0,-13.068243858052774,-10.515007098289182,-7.961770338525588,-6.685151958643792,-16.0,-18.0,-18.0
20221101_0,108.0,0.0,5.096615988229524,2.162270065996756,-0.7720758562360119,-2.2392488173523963,6.0,8.0,8.0,66.0,-30.0,-5.223148602256008,-2.734167252790909,-0.2451859033258099,0.9993047714067398,-6.0,-8.0,-8.0
20221101_1,12.0,-2.0,5.678129298486932,3.193493319432457,0.7088573403779819,-0.533460649149256,8.0,10.0,10.0,2.0,-38.0,-4.5786336542870245,-1.9927009681921743,0.5932317179026754,1.8861980609501003,-8.0,-10.0,-10.0
20221101_2,12.0,0.0,6.331936295054485,4.532292121807814,2.7326479485611417,1.8328258619378064,8.0,8.0,8.0,0.0,-14.0,-3.8776194467728415,-1.976954506779952,-0.0762895667870613,0.8740429032093835,-6.0,-6.0,-6.0
20221102_0,56.0,0.0,3.076923076923077,1.225891929496132,-0.6251392179308128,-1.5506547916442854,4.0,6.0,6.0,20.0,-34.0,-6.052136752136752,-4.483193929639778,-2.9142511071428028,-2.129779695894316,-8.0,-8.0,-8.0
20221102_1,16.0,0.0,4.386925123527176,2.733019706917453,1.07911429030773,0.2521615820028682,6.0,6.0,6.0,-2.0,-20.0,-5.509692132269099,-3.878776127243871,-2.247860122218643,-1.4324021197060288,-8.0,-8.0,-8.0
20221102_2,8.0,0.0,4.65149359886202,3.2410011774795144,1.8305087560970088,1.1252625454057568,6.0,6.0,6.0,-2.0,-10.0,-4.7980085348506405,-3.397288226024857,-1.9965679171990736,-1.296207762786182,-6.0,-6.0,-6.0
20221103_0,150.0,-126.0,2.1666666666666665,-1.941635993055832,-6.04993865277833,-8.104089982639579,4.0,4.0,4.0,122.0,-160.0,-7.261061946902655,-2.7569072133142765,1.7472475202741018,3.9993248870682914,-10.0,-12.0,-12.0
20221103_1,14.0,-4.0,1.41948310139165,-1.069030313625274,-3.557543728642198,-4.8018004361506605,4.0,6.0,6.0,-2.0,-18.0,-8.058846918489065,-6.0047563050458646,-3.950665691602663,-2.9236203848810627,-10.0,-10.0,-10.0
20221103_2,6.0,-2.0,1.7701754385964912,0.2570528670523107,-1.2560697044918698,-2.01263099026396,4.0,4.0,4.0,-4.0,-12.0,-7.421052631578948,-5.923646405640137,-4.426240179701327,-3.6775370667319214,-10.0,-10.0,-10.0
20221104_0,110.0,-4.0,0.7260083449235049,-2.192414912550219,-5.110838170023942,-6.570049798760803,2.0,4.0,4.0,88.0,-30.0,-8.174316179879462,-5.344048329973687,-2.513780480067913,-1.0986465551150264,-10.0,-10.0,-10.0
20221104_1,12.0,-4.0,1.89,-0.3460642491632548,-2.58212849832651,-3.700160622908137,4.0,6.0,6.0,-2.0,-20.0,-8.27,-5.864552521049584,-3.459105042099167,-2.256381302623959,-12.0,-12.0,-12.0
20221104_2,18.0,2.0,5.778920308483291,4.156737152847134,2.5345539972109767,1.7234624193928978,8.0,8.0,8.0,-2.0,-18.0,-5.122107969151671,-3.5285519170376904,-1.9349958649237105,-1.13821783886672,-7.0,-8.0,-8.0
20221107_0,26.0,-2.0,2.197183098591549,0.7535200376154632,-0.6901430233606232,-1.4119745538486663,4.0,4.0,4.0,-4.0,-24.0,-6.382159624413146,-4.867409527485383,-3.3526594305576194,-2.595284382093738,-8.0,-8.0,-8.0
20221107_1,10.0,-2.0,4.0131434830230015,2.524014770534996,1.0348860580469903,0.2903217018029878,6.0,6.0,6.0,-2.0,-22.0,-6.037970062066448,-4.7166758018378925,-3.395381541609338,-2.73473441149506,-8.0,-8.0,-8.0
20221107_2,10.0,0.0,3.0229965156794427,1.5455413184499216,0.0680861212204004,-0.6706414773943599,4.0,6.0,6.0,-2.0,-12.0,-6.79581881533101,-5.359301905627768,-3.9227849959245256,-3.204526541072904,-8.0,-10.0,-10.0
20221108_0,26.0,-8.0,-2.2445742904841404,-4.733521000809083,-7.222467711134026,-8.466941066296497,0.0,2.0,2.0,2.0,-18.0,-11.379799666110184,-9.154646221673111,-6.929492777236039,-5.816916055017503,-14.0,-14.0,-14.0
20221108_1,8.0,-2.0,3.837582625118036,1.5906481761267908,-0.6562862728644543,-1.779753497360077,6.0,8.0,8.0,-2.0,-12.0,-6.600566572237961,-5.149087220016224,-3.697607867794487,-2.9718681916836185,-8.0,-8.0,-8.0
20221108_2,8.0,-4.0,0.7115689381933439,-1.5066976499847091,-3.7249642381627615,-4.834097532251789,4.0,4.0,4.0,-4.0,-12.0,-9.007923930269412,-7.507746631549357,-6.0075693328293,-5.257480683469272,-10.0,-12.0,-12.0
20221109_0,20.0,-6.0,0.3274087932647334,-1.63656407960057,-3.600536952465873,-4.582523388898525,2.0,4.0,4.0,-4.0,-34.0,-9.580916744621142,-6.828923260910676,-4.076929777200211,-2.7009330353449776,-14.0,-14.0,-14.0
20221109_1,14.0,-8.0,-3.7640918580375775,-5.357798380764248,-6.951504903490919,-7.748358164854254,-2.0,-2.0,-2.0,-6.0,-30.0,-13.87473903966597,-12.22109018651434,-10.56744133336271,-9.740616906786896,-16.0,-16.0,-16.0
20221109_2,4.0,-4.0,0.5240641711229946,-0.8978299382481097,-2.3197240476192142,-3.0306711023047663,2.0,2.0,2.0,-4.0,-14.0,-9.129106187929718,-7.286860463949648,-5.444614739969579,-4.523491877979544,-12.0,-12.0,-12.0
20221110_0,20.0,-8.0,-3.0841827104567763,-4.7274224613729325,-6.370662212289089,-7.192282087747167,-2.0,0.0,0.0,-8.0,-26.0,-12.673461683654208,-10.931134486463655,-9.188807289273107,-8.31764369067783,-14.0,-16.0,-16.0
20221110_1,8.0,-6.0,-0.7089381207028266,-2.9916179045944187,-5.27429768848601,-6.415637580431806,2.0,2.0,2.0,-6.0,-20.0,-10.845683728036668,-9.05541407560951,-7.265144423182352,-6.3700095969687744,-14.0,-14.0,-14.0
20221110_2,4.0,-6.0,-3.247813411078717,-4.781234770355504,-6.314656129632291,-7.081366809270684,-2.0,0.0,0.0,-8.0,-18.0,-12.991253644314869,-11.47597886590954,-9.960704087504208,-9.203066698301544,-14.0,-16.0,-16.0
20221111_0,172.0,-158.0,0.6956082786471479,-4.891780650582394,-10.479169579811936,-13.272864044426706,2.0,4.0,4.0,154.0,-184.0,-8.126198889449773,-2.413708132759536,3.298782623930702,6.15502800227582,-10.0,-10.0,-10.0
20221111_1,4.0,-8.0,-0.2248854423686993,-2.3337460468856825,-4.442606651402666,-5.497036953661158,2.0,2.0,2.0,-6.0,-20.0,-11.010927035600988,-9.26179252648138,-7.512658017361774,-6.63809076280197,-14.0,-14.0,-14.0
20221111_2,8.0,-6.0,-0.0142602495543672,-1.5470291013899715,-3.0797979532255764,-3.846182379143378,2.0,2.0,2.0,-4.0,-22.0,-10.033273915626856,-8.19463837414116,-6.356002832655465,-5.436685061912616,-12.0,-12.0,-12.0
20221114_0,28.0,-64.0,1.6187225743539737,-0.6112113690125094,-2.8411453123789925,-3.956112284062234,4.0,4.0,4.0,-4.0,-84.0,-7.535836177474403,-5.264689906132096,-2.9935436347897904,-1.857970499118637,-10.0,-10.0,-10.0
20221114_1,14.0,-4.0,0.7545237282348924,-0.7156374280135405,-2.185798584261973,-2.92087916238619,2.0,2.0,2.0,-4.0,-24.0,-8.541481734380335,-7.257755040539916,-5.974028346699497,-5.332164999779288,-10.0,-10.0,-10.0
20221114_2,4.0,-2.0,1.0421511627906976,-0.3174089886909659,-1.6769691401726294,-2.356749215913461,2.0,4.0,4.0,-4.0,-12.0,-7.933139534883721,-6.210171939090886,-4.48720434329805,-3.625720545401632,-10.0,-10.0,-10.0
20221115_0,194.0,-4.0,1.14586191129401,-3.253904678326069,-7.653671267946147,-9.853554562756187,2.0,4.0,4.0,-4.0,-26.0,-8.767261088248743,-7.056665522828679,-5.346069957408614,-4.490772174698582,-10.0,-12.0,-12.0
20221115_1,16.0,-4.0,1.7232941176470589,0.3918517896169311,-0.9395905384131966,-1.6053117024282604,4.0,4.0,4.0,-4.0,-38.0,-8.486588235294118,-6.980031978917335,-5.473475722540553,-4.720197594352162,-10.0,-10.0,-10.0
20221115_2,8.0,-2.0,1.8277919863597607,0.5554778504453382,-0.7168362854690851,-1.3529933534262968,4.0,4.0,4.0,-4.0,-14.0,-8.86615515771526,-7.242948255234706,-5.619741352754153,-4.808137901513876,-10.0,-12.0,-12.0
20221116_0,44.0,-36.0,1.5065483734685257,-0.2628792911858739,-2.0323069558402738,-2.917020788167473,2.0,4.0,4.0,20.0,-52.0,-9.36037177862273,-7.465010747743024,-5.56964971686332,-4.621969201423467,-10.0,-12.0,-12.0
20221116_1,10.0,-4.0,0.7846638655462185,-0.5313341812241493,-1.8473322279945168,-2.505331251379701,2.0,2.0,2.0,-6.0,-24.0,-9.278361344537815,-7.72015986579957,-6.161958387061324,-5.3828576476922,-10.0,-12.0,-12.0
20221116_2,4.0,-2.0,2.069216757741348,1.0291184495013483,-0.0109798587386511,-0.5310290128586508,4.0,4.0,4.0,-4.0,-12.0,-9.225865209471769,-7.924444126558538,-6.6230230436453095,-5.972312502188696,-10.0,-10.0,-10.0
20221117_0,24.0,-6.0,1.698609545283728,0.1013509851207157,-1.4959075750422963,-2.294536855123803,4.0,4.0,4.0,-4.0,-22.0,-8.741826381059752,-6.9053092945770445,-5.0687922080943375,-4.150533664852984,-10.0,-12.0,-12.0
20221117_1,8.0,-6.0,-2.671280276816609,-4.545980446386392,-6.420680615956174,-7.3580307007410655,0.0,2.0,2.0,-6.0,-18.0,-12.073817762399075,-10.096661533114514,-8.11950530382995,-7.130927189187668,-14.0,-14.0,-14.0
20221117_2,6.0,-6.0,-0.3532818532818533,-2.2272579258297336,-4.101233998377614,-5.038222034651554,2.0,2.0,2.0,-4.0,-16.0,-9.005791505791505,-7.11711043570384,-5.228429365616176,-4.284088830572343,-12.0,-12.0,-12.0
20221118_0,40.0,-28.0,-0.0947779223192715,-1.854491445579057,-3.614204968838844,-4.494061730468737,2.0,2.0,2.0,10.0,-52.0,-8.942575729418325,-6.911806106764113,-4.881036484109901,-3.865651672782795,-12.0,-12.0,-12.0
20221118_1,10.0,-6.0,-0.9119266055045872,-2.826472014980637,-4.741017424456686,-5.698290129194711,2.0,2.0,2.0,-6.0,-24.0,-9.996330275229358,-8.393216817249398,-6.790103359269438,-5.988546630279458,-12.0,-12.0,-12.0
20221118_2,4.0,-4.0,0.3294346978557504,-1.4210080536968843,-3.171450805249519,-4.046672181025837,2.0,2.0,2.0,-6.0,-14.0,-9.717348927875245,-8.227863441628298,-6.7383779553813525,-5.993635212257879,-12.0,-12.0,-12.0
20221121_0,64.0,-6.0,0.0542582417582417,-2.481330236462066,-5.016918714682374,-6.284712953792528,2.0,4.0,4.0,-2.0,-34.0,-9.599587912087912,-6.847921885068827,-4.096255858049741,-2.720422844540198,-14.0,-14.0,-14.0
20221121_1,10.0,-6.0,1.5948998178506375,-0.3546767039178868,-2.304253225686411,-3.279041486570673,4.0,4.0,4.0,-2.0,-20.0,-7.867395264116576,-6.169371644898972,-4.471348025681367,-3.622336216072565,-10.0,-10.0,-10.0
20221121_2,6.0,-4.0,0.5176470588235295,-1.3922253975899357,-3.3020978540034003,-4.257034082210133,4.0,4.0,4.0,-6.0,-14.0,-9.76965944272446,-8.188655159624458,-6.60765087652446,-5.81714873497446,-12.0,-12.0,-12.0
20221122_0,16.0,-4.0,-0.1052631578947368,-1.6352754677808776,-3.1652877776670185,-3.930293932610089,2.0,2.0,2.0,-6.0,-26.0,-9.756335282651072,-8.280020137677889,-6.803704992704708,-6.065547420218116,-12.0,-12.0,-12.0
20221122_1,32.0,-6.0,-0.3793991416309012,-2.312657709414622,-4.245916277198343,-5.212545561090203,2.0,2.0,2.0,-6.0,-40.0,-10.385407725321889,-8.811426512548756,-7.237445299775624,-6.450454693389058,-12.0,-12.0,-12.0
20221122_2,4.0,-2.0,1.3496076721883177,-0.1211092059523664,-1.5918260840930505,-2.3271845231633925,4.0,4.0,4.0,-6.0,-14.0,-9.218831734960768,-7.777702755588192,-6.336573776215616,-5.616009286529327,-12.0,-12.0,-12.0
20221123_0,16.0,-4.0,-0.1052631578947368,-1.6352754677808776,-3.1652877776670185,-3.930293932610089,2.0,2.0,2.0,-6.0,-26.0,-9.756335282651072,-8.280020137677889,-6.803704992704708,-6.065547420218116,-12.0,-12.0,-12.0
20221124_0,156.0,-6.0,1.316809373591708,-2.324718153126593,-5.966245679844894,-7.7870094432040435,2.400000000000091,4.0,4.0,-4.0,-24.0,-8.187471834159531,-6.392527059672603,-4.597582285185675,-3.70010989794221,-10.0,-10.0,-10.0
20221124_1,8.0,-2.0,1.350615114235501,-0.0545885804884986,-1.4597922752124983,-2.162394122574498,2.0,4.0,4.0,-4.0,-14.0,-7.8268892794376095,-6.4362147848367375,-5.045540290235866,-4.35020304293543,-10.0,-10.0,-10.0
20221124_2,6.0,-2.0,2.9809128630705395,1.2391641628385923,-0.5025845373933548,-1.3734588875093283,4.0,4.0,4.0,-4.0,-10.0,-7.311203319502074,-5.954449953190081,-4.597696586878088,-3.919319903722091,-8.0,-10.0,-10.0
20221125_0,122.0,-4.0,0.7372416701813581,-2.1443382381594205,-5.025918146500199,-6.466708100670588,2.0,2.0,2.0,-4.0,-24.0,-9.072964993673557,-7.504502463928955,-5.936039934184356,-5.151808669312056,-10.0,-12.0,-12.0
20221125_1,10.0,-2.0,1.469654528478058,-0.1015612674044812,-1.6727770632870205,-2.45838496122829,4.0,4.0,4.0,-4.0,-14.0,-8.327731092436975,-6.773190535139495,-5.218649977842015,-4.4413796991932735,-10.0,-10.0,-10.0
20221125_2,6.0,-2.0,1.630252100840336,-0.1027642399136623,-1.8357805806676608,-2.70228875104466,4.0,4.0,4.0,-4.0,-12.0,-8.414565826330533,-6.715766697668949,-5.016967569007364,-4.167568004676572,-10.0,-10.0,-10.0
20221128_0,18.0,-4.0,1.7072477498815728,0.0528583406843368,-1.6015310685128992,-2.428725773111517,4.0,4.0,4.0,-2.0,-20.0,-6.72098531501658,-4.862144475767253,-3.0033036365179258,-2.073883216893262,-8.0,-10.0,-10.0
20221128_1,24.0,-4.0,1.0355064027939465,-1.0636143820912682,-3.162735166976483,-4.212295559419091,4.0,4.0,4.0,-2.0,-24.0,-8.682770663562282,-6.802959899813442,-4.923149136064602,-3.983243754190182,-10.0,-12.0,-12.0
20221128_2,4.0,-4.0,-0.4464720194647202,-1.5662846118501823,-2.686097204235644,-3.246003500428375,0.0,2.0,2.0,-6.0,-14.0,-10.027980535279806,-8.595653796148456,-7.163327057017105,-6.44716368745143,-12.0,-12.0,-12.0
20221129_0,18.0,-4.0,0.6694367497691598,-1.2375598142219428,-3.144556378213045,-4.0980546602085965,4.0,4.0,4.0,-4.0,-22.0,-8.78578024007387,-7.223730004553752,-5.6616797690336345,-4.880654651273576,-10.0,-10.0,-10.0
20221129_1,8.0,-2.0,4.503221188260558,2.4262498631865994,0.3492785381126406,-0.689207124424339,6.0,6.0,6.0,0.0,-16.0,-5.468861846814603,-3.8119490008085184,-2.155036154802434,-1.3265797317993917,-8.0,-8.0,-8.0
20221129_2,6.0,-2.0,0.6887661141804788,-0.5786686657226237,-1.846103445625726,-2.4798208355772777,2.0,2.0,2.0,-4.0,-14.0,-8.513198281154082,-7.155047385405172,-5.796896489656263,-5.117821041781808,-10.0,-10.0,-10.0
20221130_0,14.0,-4.0,-1.1151020408163266,-2.6188120606677208,-4.122522080519115,-4.874377090444812,0.0,2.0,2.0,-6.0,-18.0,-10.082448979591836,-8.342830022928494,-6.603211066265152,-5.733401587933479,-12.0,-12.0,-12.0
20221130_1,4.0,-4.0,-0.5250266240681576,-1.9932704310548903,-3.4615142380416235,-4.19563614153499,2.0,2.0,2.0,-4.0,-16.0,-9.728434504792332,-8.022026512785143,-6.315618520777953,-5.462414524774357,-12.0,-12.0,-12.0
20221130_2,4.0,-4.0,-0.754863813229572,-1.8644756802322355,-2.9740875472348987,-3.5288934807362304,0.0,0.0,0.0,-6.0,-14.0,-9.796368352788589,-8.855529239701996,-7.914690126615403,-7.444270570072107,-10.0,-12.0,-12.0
20221201_0,12.0,-4.0,0.8302583025830258,-0.711879423346906,-2.2540171492768377,-3.0250860122418035,2.0,2.0,2.0,-4.0,-14.0,-8.44280442804428,-7.088444576043573,-5.734084724042866,-5.056904798042513,-10.0,-10.0,-10.0
20221201_1,14.0,-6.0,-0.6868475991649269,-2.4989203358042187,-4.310993072443511,-5.217029440763156,2.0,2.0,2.0,-4.0,-14.0,-8.948851774530272,-7.288535111238551,-5.62821844794683,-4.79806011630097,-10.0,-12.0,-12.0
20221201_2,4.0,-6.0,-0.7428571428571429,-2.586241580646196,-4.429626018435249,-5.351318237329775,2.0,2.0,2.0,-6.0,-14.0,-9.874285714285714,-8.466353089896478,-7.058420465507241,-6.354454153312623,-12.0,-12.0,-12.0
20221202_0,14.0,-4.0,-0.320393657736468,-2.059418214636175,-3.798442771535882,-4.667955049985736,2.0,2.0,2.0,-4.0,-22.0,-8.38819026790596,-6.714545790466497,-5.0409013130270335,-4.204079074307301,-10.0,-10.0,-10.0
20221202_1,4.0,-6.0,-1.4967345370726086,-2.7697505053472886,-4.042766473621969,-4.679274457759309,0.0,0.0,0.0,-6.0,-20.0,-10.264310411064155,-8.866750987186313,-7.469191563308469,-6.770411851369547,-12.0,-12.0,-12.0
20221202_2,2.0,-6.0,-2.1541318477251625,-3.861978954747436,-5.569826061769708,-6.423749615280845,0.0,0.0,0.0,-8.0,-16.0,-11.584029712163415,-9.944132934468074,-8.304236156772731,-7.484287767925059,-14.0,-14.0,-14.0
20221205_0,0.0,-8.0,-4.24247491638796,-5.7051521664925815,-7.167829416597203,-7.899168041649514,-2.0,-2.0,-2.0,-10.0,-22.0,-13.188127090301004,-11.632341244424836,-10.07655539854867,-9.298662475610586,-16.0,-16.0,-16.0
20221205_1,4.0,-10.0,-6.055796055796056,-7.631832869843813,-9.20786968389157,-9.995888090915448,-4.0,-4.0,-4.0,-10.0,-18.0,-14.117364117364115,-12.739105330481047,-11.360846543597978,-10.671717150156445,-16.0,-16.0,-16.0
20221205_2,-2.0,-10.0,-5.132713440405748,-6.402618905350028,-7.672524370294308,-8.307477102766448,-4.0,-4.0,-4.0,-10.0,-16.0,-13.060016906170752,-11.636638617494476,-10.213260328818205,-9.501571184480063,-14.0,-16.0,-16.0
20221206_0,10.0,-12.0,-6.8146639511201625,-8.7667828122533,-10.71890167338644,-11.694961103953007,-4.0,-4.0,-4.0,-10.0,-32.0,-15.219959266802444,-12.98412167463847,-10.748284082474497,-9.630365286392507,-18.0,-18.0,-18.0
20221206_1,6.0,-14.0,-9.812927756653991,-11.12934838752995,-12.445769018405908,-13.103979333843888,-8.0,-8.0,-8.0,-14.0,-34.0,-18.6638783269962,-17.326686370586692,-15.989494414177184,-15.320898435972431,-20.0,-20.0,-20.0
20221206_2,-6.0,-14.0,-9.371354504212572,-10.63395991301765,-11.89656532182273,-12.527868026225269,-8.0,-8.0,-8.0,-14.0,-22.0,-18.46921581335061,-17.134192301815478,-15.799168790280342,-15.131657034512774,-20.0,-20.0,-20.0
20221207_0,10.0,-12.0,-9.47349310094408,-10.899799449138271,-12.326105797332463,-13.03925897142956,-8.0,-8.0,-8.0,-14.0,-46.0,-18.09440813362382,-16.512700369912448,-14.930992606201077,-14.14013872434539,-20.0,-20.0,-20.0
20221207_1,0.0,-14.0,-9.6984496124031,-11.263058412500996,-12.827667212598891,-13.60997161264784,-8.0,-6.0,-6.0,-14.0,-28.0,-18.48527131782945,-16.842441088234324,-15.199610858639192,-14.378195743841625,-20.0,-20.0,-20.0
20221207_2,-2.0,-12.0,-8.309047237790232,-10.040336350606994,-11.771625463423756,-12.63727001983214,-6.0,-6.0,-6.0,-12.0,-22.0,-18.182546036829464,-16.691552911532842,-15.200559786236218,-14.455063223587906,-20.0,-20.0,-20.0
20221208_0,14.0,-8.0,-3.031296572280179,-4.353049940415127,-5.674803308550075,-6.335679992617548,-2.0,-2.0,-2.0,-8.0,-36.0,-10.880278191753602,-9.263986408893162,-7.64769462603272,-6.8395487346025,-12.0,-12.0,-12.0
20221208_1,0.0,-14.0,-8.785454545454545,-10.87800556057061,-12.970556575686675,-14.016832083244708,-6.0,-4.0,-4.0,-10.0,-22.0,-16.756363636363638,-14.34847380985084,-11.940583983338044,-10.736639070081647,-20.0,-20.0,-20.0
20221208_2,-6.0,-14.0,-9.639107611548557,-11.0212726860147,-12.40343776048084,-13.094520297713911,-8.0,-8.0,-8.0,-14.0,-22.0,-17.908136482939632,-16.489024114917324,-15.069911746895018,-14.360355562883864,-20.0,-20.0,-20.0
20221209_1,-4.0,-14.0,-8.723690103000449,-10.551212270607843,-12.378734438215238,-13.292495522018935,-6.0,-6.0,-6.0,-12.0,-26.0,-16.592028660994178,-14.750972333607155,-12.909916006220133,-11.989387842526622,-18.0,-20.0,-20.0
20221209_2,-2.0,-10.0,-5.666666666666667,-7.06063322576521,-8.454599784863753,-9.151583064413025,-4.0,-4.0,-4.0,-10.0,-22.0,-14.50561797752809,-12.80029627452986,-11.09497457153163,-10.242313720032516,-16.0,-16.0,-16.0
20221212_0,2.0,-10.0,-6.713347921225383,-8.111954294344887,-9.510560667464391,-10.209863854024144,-6.0,-4.0,-4.0,-10.0,-30.0,-14.800875273522976,-13.23433987051093,-11.667804467498884,-10.88453676599286,-16.0,-16.0,-16.0
20221212_1,-2.0,-8.0,-5.021215043394407,-6.148234116596229,-7.275253189798052,-7.838762726398963,-4.0,-4.0,-4.0,-10.0,-18.0,-14.006750241080038,-12.601792872256116,-11.196835503432194,-10.494356819020233,-16.0,-16.0,-16.0
20221212_2,0.0,-8.0,-4.2976461655277145,-5.460431151386335,-6.623216137244956,-7.204608630174267,-4.0,-2.0,-2.0,-10.0,-16.0,-12.651480637813211,-11.27290222903622,-9.89432382025923,-9.205034615870732,-14.0,-14.0,-14.0
20221213_0,24.0,-6.0,-4.210724365004704,-5.563646341708649,-6.916568318412594,-7.593029306764567,-2.0,-2.0,-2.0,-10.0,-18.0,-12.10818438381938,-10.807484555587251,-9.506784727355123,-8.856434813239062,-14.0,-14.0,-14.0
20221213_1,-2.0,-8.0,-5.638071383844709,-6.9968830744184825,-8.355694764992256,-9.035100610279144,-4.0,-4.0,-4.0,-10.0,-16.0,-13.615529117094551,-12.281584658644132,-10.947640200193712,-10.2806679709685,-16.0,-16.0,-16.0
20221213_2,0.0,-8.0,-5.087093389296957,-6.765481486777722,-8.443869584258488,-9.283063632998871,-4.0,-2.0,-2.0,-10.0,-16.0,-12.667366211962223,-11.49361840377747,-10.319870595592716,-9.732996691500338,-14.0,-14.0,-14.0
20221214_0,6.0,-6.0,-2.170431211498973,-3.439440109759172,-4.70844900801937,-5.342953457149468,0.0,0.0,0.0,-8.0,-30.0,-10.114989733059549,-9.02005056482984,-7.925111396600132,-7.377641812485278,-12.0,-12.0,-12.0
20221214_1,2.0,-4.0,-2.2823949955317246,-3.40412824956892,-4.525861503606114,-5.086728130624711,-2.0,0.0,0.0,-8.0,-16.0,-10.815013404825738,-9.14428579486367,-7.473558184901604,-6.63819437992057,-14.0,-14.0,-14.0
20221214_2,0.0,-6.0,-2.8974042027194065,-4.0057013025161865,-5.113998402312967,-5.668146952211357,-2.0,-2.0,-2.0,-8.0,-16.0,-12.355995055624229,-10.804297875569636,-9.252600695515047,-8.476752105487751,-14.0,-14.0,-14.0
20221215_0,8.0,-62.0,-2.5,-4.174652596633548,-5.849305193267096,-6.686631491583871,-2.0,-2.0,-2.0,-8.0,-76.0,-10.22011385199241,-8.327673018606342,-6.435232185220276,-5.4890117685272415,-12.0,-12.0,-12.0
20221215_1,0.0,-6.0,-3.693869582194455,-4.980822401666469,-6.267775221138483,-6.9112516308744905,-2.0,-2.0,-2.0,-8.0,-16.0,-12.054666146036704,-10.870073201123263,-9.68548025620982,-9.0931837837531,-14.0,-14.0,-14.0
20221215_2,2.0,-6.0,-3.23312456506611,-4.398700704689025,-5.564276844311939,-6.147064914123397,-2.0,-2.0,-2.0,-8.0,-14.0,-12.05427974947808,-10.857788192034432,-9.661296634590784,-9.063050855868962,-14.0,-14.0,-14.0
20221216_1,6.0,-2.0,2.028593508500773,0.7217940560972866,-0.5850053963061996,-1.2384051225079429,4.0,4.0,4.0,-2.0,-10.0,-5.168469860896445,-3.544986995545135,-1.9215041301938256,-1.1097626975181711,-8.0,-8.0,-8.0
20221216_2,6.0,0.0,3.2333333333333334,2.1826346837378248,1.1319360341423157,0.6065867093445614,4.0,4.0,4.0,0.0,-8.0,-4.615151515151515,-3.5012797255445087,-2.3874079359375022,-1.8304720411339988,-6.0,-6.0,-6.0
20221219_0,12.0,-4.0,-0.3850983675177898,-1.9582330479351424,-3.5313677283524942,-4.31793506856117,2.0,2.0,2.0,-4.0,-26.0,-8.616994558392634,-7.081464758109222,-5.54593495782581,-4.778170057684104,-10.0,-12.0,-12.0
20221219_1,6.0,-2.0,0.5868372943327239,-0.6011418418555535,-1.7891209780438309,-2.3831105461379694,2.0,2.0,2.0,-4.0,-14.0,-7.923217550274223,-6.708481677265873,-5.493745804257523,-4.886377867753348,-10.0,-10.0,-10.0
20221219_2,2.0,-4.0,-0.4950191570881226,-1.6555331194519054,-2.816047081815688,-3.39630406299758,0.0,2.0,2.0,-6.0,-12.0,-8.317241379310344,-7.106140479174034,-5.895039579037722,-5.289489128969567,-10.0,-10.0,-10.0
20221220_0,52.0,-2.0,0.4105630293971101,-1.3941742926206704,-3.198911614638451,-4.1012802756473405,2.0,2.0,2.0,36.0,-16.0,-7.400099651220727,-5.934352488236099,-4.468605325251471,-3.735731743759157,-8.0,-8.0,-8.0
20221220_1,6.0,-2.0,2.092432120161756,0.5178487986809177,-1.0567345227999208,-1.84402618354034,4.0,4.0,4.0,-2.0,-10.0,-5.259387637203928,-3.5623083796858825,-1.865229122167837,-1.0166894934088146,-8.0,-8.0,-8.0
20221220_2,6.0,-2.0,1.1851851851851851,-0.193100642835426,-1.5713864708560372,-2.260529384866343,2.7999999999999545,4.0,4.0,-2.0,-10.0,-5.902439024390244,-4.158043862800503,-2.413648701210763,-1.5414511204158927,-8.0,-8.0,-8.0
20221221_0,8.0,-2.0,0.6169977924944813,-0.7616667370925555,-2.1403312666795924,-2.829663531473111,2.0,2.0,2.0,-4.0,-32.0,-8.23841059602649,-6.791197195189246,-5.343983794352001,-4.620377093933379,-10.0,-10.0,-10.0
20221221_1,6.0,-2.0,0.3548717948717949,-0.8879482654688858,-2.1307683258095667,-2.752178355979907,2.0,2.0,2.0,-4.0,-12.0,-7.5312820512820515,-6.245213550681928,-4.959145050081805,-4.316110799781743,-10.0,-10.0,-10.0
20221221_2,4.0,-2.0,0.6063055780113177,-0.695072461985765,-1.996450501982848,-2.647139521981389,2.0,2.0,2.0,-4.0,-14.0,-8.23120452708165,-6.809608636963248,-5.388012746844847,-4.677214801785646,-10.0,-10.0,-10.0
20221222_0,2.0,-118.0,-0.9323889246619448,-4.0997462776010565,-7.267103630540169,-8.850782307009725,0.0,0.0,0.0,-6.0,-130.0,-9.801674179008373,-6.4995626584373625,-3.197451137866354,-1.5463953775808488,-10.0,-12.0,-12.0
20221222_1,2.0,-8.0,-1.834650455927052,-3.4991913613415573,-5.163732266756063,-5.996002719463315,0.0,0.0,0.0,-6.0,-16.0,-10.408510638297871,-8.648333271677972,-6.888155905058071,-6.008067221748121,-12.0,-14.0,-14.0
20221222_2,-2.0,-8.0,-4.890566037735849,-6.164739531768927,-7.438913025802005,-8.075999772818545,-4.0,-2.0,-2.0,-10.0,-16.0,-11.949056603773585,-10.557985299503557,-9.166913995233523,-8.471378343098511,-14.0,-14.0,-14.0
20221223_0,2.0,-4.0,-0.8569587628865979,-1.950944680167432,-3.0449305974482663,-3.5919235560886835,0.0,0.0,0.0,-6.0,-22.0,-9.724226804123711,-8.463305699397639,-7.202384594671566,-6.571924042308529,-10.0,-12.0,-12.0
20221223_1,2.0,-8.0,-3.647830474268416,-5.000037276597178,-6.35224407892594,-7.028347480090321,-2.0,-2.0,-2.0,-10.0,-16.0,-11.908173562058527,-10.700072104857693,-9.491970647656856,-8.887919919056436,-14.0,-14.0,-14.0
20221223_2,-2.0,-8.0,-4.491124260355029,-5.379471616414556,-6.267818972474083,-6.711992650503846,-4.0,-4.0,-4.0,-10.0,-16.0,-12.138067061143984,-10.815221026925853,-9.492374992707722,-8.830951975598657,-14.0,-14.0,-14.0
20221226_0,38.0,-8.0,-4.066478873239436,-5.912305924857714,-7.758132976475991,-8.681046502285131,-2.0,-2.0,-2.0,-8.0,-22.0,-11.812957746478872,-10.442899861315473,-9.072841976152072,-8.387813033570371,-14.0,-14.0,-14.0
20221226_1,2.0,-6.0,-1.8580470162748643,-3.168932238072169,-4.479817459869474,-5.135260070768126,0.0,0.0,0.0,-6.0,-16.0,-10.835443037974684,-9.391777345610848,-7.948111653247013,-7.2262788070650945,-12.0,-14.0,-14.0
20221226_2,2.0,-6.0,-1.733295422234859,-3.357366969901009,-4.981438517567159,-5.793474291400234,0.0,0.0,0.0,-6.0,-14.0,-10.267273244242253,-8.740421885654664,-7.213570527067075,-6.450144847773281,-12.0,-12.0,-12.0
20221227_0,54.0,-58.0,-3.2551618659189394,-15.105447366218222,-26.955732866517504,-32.88087561666714,-2.0,22.0,22.0,44.0,-70.0,-11.824624012235532,0.1387671682186333,12.1021583486728,18.083853938899885,-14.0,-38.0,-38.0
20221227_1,4.0,-6.0,-2.777526053466244,-4.157634267299907,-5.53774248113357,-6.227796588050403,-2.0,0.0,0.0,-8.0,-16.0,-11.735387403715452,-10.31582037298178,-8.896253342248109,-8.186469826881275,-14.0,-14.0,-14.0
20221227_2,-2.0,-8.0,-5.709342560553633,-6.943186762813816,-8.177030965074,-8.793953066204091,-4.0,-4.0,-4.0,-10.0,-16.0,-12.494809688581316,-11.172026037666772,-9.849242386752232,-9.187850561294962,-14.0,-14.0,-14.0
20221228_0,-2.0,-10.0,-5.168788046485888,-6.483901582805794,-7.799015119125701,-8.456571887285655,-4.0,-4.0,-4.0,-10.0,-22.0,-12.758162700608745,-11.66521817275946,-10.57227364491018,-10.025801380985538,-14.0,-14.0,-14.0
20221228_1,-2.0,-8.0,-4.624178712220762,-5.64565429962729,-6.667129887033818,-7.177867680737082,-4.0,-4.0,-4.0,-10.0,-16.0,-11.842312746386334,-10.81086920526423,-9.779425664142128,-9.263703893581075,-12.0,-14.0,-14.0
20221228_2,-2.0,-8.0,-4.303846153846154,-5.608308258127419,-6.9127703624086845,-7.565001414549317,-2.0,-2.0,-2.0,-10.0,-16.0,-12.548076923076923,-11.426241773066891,-10.30440662305686,-9.743489048051844,-14.0,-14.0,-14.0
20221229_0,46.0,-8.0,-2.8464007336084367,-5.028221394693394,-7.2100420557783504,-8.30095238632083,0.0,0.0,0.0,-8.0,-26.0,-11.469050894085282,-10.06833663733628,-8.667622380587277,-7.967265252212776,-14.0,-14.0,-14.0
20221229_1,2.0,-6.0,-1.2647789369100844,-2.587442830219901,-3.910106723529717,-4.571438670184626,0.0,0.0,0.0,-6.0,-16.0,-10.642821659215102,-9.291107341429552,-7.939393023644004,-7.26353586475123,-12.0,-12.0,-12.0
20221229_2,2.0,-4.0,-0.3987473903966597,-1.462876341769534,-2.527005293142408,-3.059069768828845,0.0,0.0,0.0,-6.0,-10.0,-8.538622129436325,-7.455807295936287,-6.372992462436248,-5.8315850456862295,-10.0,-10.0,-10.0
20221230_0,6.0,-4.0,-0.2711384034010392,-1.5238040972221274,-2.776469791043216,-3.40280263795376,2.0,2.0,2.0,0.0,-14.0,-8.962683042040624,-7.774753046203334,-6.5868230503660445,-5.9928580524474,-10.0,-10.0,-10.0
20221230_2,4.0,-6.0,-1.3919239904988123,-2.9594726801338247,-4.527021369768837,-5.310795714586344,0.0,2.0,2.0,-6.0,-14.0,-10.057007125890737,-8.651816531090635,-7.246625936290533,-6.544030638890483,-12.0,-12.0,-12.0
20230103_1,12.0,-4.0,3.68,1.3065074857567014,-1.0669850284865974,-2.253731285608247,6.0,8.0,8.0,4.0,-16.0,-4.418181818181818,-2.023579932327124,0.3710219535275714,1.5683228964549183,-8.0,-8.0,-8.0
20230103_2,8.0,0.0,3.4134897360703813,1.9569793359570893,0.5004689358437981,-0.2277862642128476,6.0,6.0,6.0,0.0,-10.0,-4.480938416422287,-2.9171047823208225,-1.3532711482193585,-0.5713543311686262,-6.0,-6.0,-6.0
20230104_0,16.0,0.0,3.485761452744532,1.808786327757142,0.1318112027697524,-0.706676359723942,6.0,6.0,6.0,0.0,-22.0,-3.361122575319852,-1.942388397738599,-0.5236542201573466,0.1857128686332796,-4.0,-6.0,-6.0
20230104_1,8.0,-2.0,1.1383013342011064,-0.6137642188353385,-2.365829771871783,-3.2418625483900056,4.0,4.0,4.0,-2.0,-10.0,-5.990888382687927,-4.423007556624263,-2.8551267305606007,-2.071186317528769,-8.0,-8.0,-8.0
20230104_2,6.0,-4.0,0.1756935270805812,-1.3849902931234936,-2.945674113327569,-3.726016023429606,2.0,2.0,2.0,-4.0,-12.0,-6.501981505944518,-5.09139598078767,-3.680810455630823,-2.9755176930523985,-8.0,-8.0,-8.0
20230105_0,16.0,-4.0,-0.2113207547169811,-1.8099305198991016,-3.408540285081222,-4.207845167672282,2.0,2.0,2.0,-4.0,-22.0,-7.21433962264151,-5.778107936938655,-4.341876251235799,-3.623760408384372,-8.0,-10.0,-10.0
20230105_1,2.0,-6.0,-2.1143451143451144,-3.7508297129099866,-5.387314311474858,-6.205556610757295,0.0,0.0,0.0,-6.0,-14.0,-9.54192654192654,-8.328708341628472,-7.115490141330402,-6.508881041181367,-10.0,-12.0,-12.0
20230105_2,2.0,-6.0,-3.47403910991234,-4.879098049832742,-6.284156989753145,-6.986686459713345,-2.0,-2.0,-2.0,-6.0,-12.0,-10.396493594066085,-9.19402712112445,-7.991560648182816,-7.390327411711999,-12.0,-12.0,-12.0
20230106_0,4.0,-12.0,-8.28910891089109,-10.593324582943488,-12.897540254995889,-14.049648091022087,-6.0,-4.0,-4.0,-6.0,-18.0,-14.953663366336636,-12.42838870224466,-9.903114038152689,-8.6404767061067,-18.0,-18.0,-18.0
20230106_1,-6.0,-12.0,-8.424112868747327,-9.579914249790791,-10.735715630834257,-11.31361632135599,-8.0,-6.0,-6.0,-12.0,-20.0,-15.573321932449764,-14.161806404446851,-12.75029087644394,-12.044533112442483,-18.0,-18.0,-18.0
20230106_2,-4.0,-10.0,-7.414201183431953,-8.40004443491887,-9.385887686405788,-9.878809312149247,-6.0,-6.0,-6.0,-12.0,-18.0,-14.822485207100591,-13.53511163913962,-12.247738071178649,-11.604051287198162,-16.0,-16.0,-16.0
20230109_0,-2.0,-10.0,-6.505869797225187,-7.550880507099936,-8.595891216974687,-9.11839657191206,-6.0,-6.0,-6.0,-12.0,-20.0,-13.568125222340804,-12.51445783947806,-11.460790456615314,-10.93395676518394,-14.0,-16.0,-16.0
20230109_1,-2.0,-10.0,-8.128589798542649,-9.26307630415004,-10.39756280975743,-10.964806062561124,-6.0,-6.0,-6.0,-12.0,-18.0,-15.28246892413202,-14.21308102852629,-13.143693132920562,-12.608999185117698,-16.0,-16.0,-16.0
20230109_2,-4.0,-10.0,-7.608882521489972,-8.746839521494433,-9.884796521498892,-10.453775021501125,-6.0,-6.0,-6.0,-12.0,-18.0,-16.074498567335244,-14.78704821014854,-13.499597852961838,-12.855872674368486,-18.0,-18.0,-18.0
20230110_0,30.0,-42.0,-7.622826353171687,-14.513929205849552,-21.40503205852741,-24.850583484866355,-6.0,-4.0,-4.0,24.0,-52.0,-15.227038941954444,-8.064193593988044,-0.9013482460216428,2.680074427961559,-16.0,-30.0,-30.0
20230110_1,4.0,-8.0,-4.301192504258943,-5.590568344213374,-6.879944184167803,-7.524632104145018,-2.0,-2.0,-2.0,-10.0,-16.0,-12.425212947189095,-11.428057100534192,-10.430901253879288,-9.932323330551837,-14.0,-14.0,-14.0
20230110_2,-4.0,-10.0,-6.210880538418396,-7.4189503268276065,-8.627020115236817,-9.231055009441423,-4.0,-4.0,-4.0,-10.0,-18.0,-14.82893998878295,-13.397603446728226,-11.966266904673503,-11.250598633646142,-16.0,-16.0,-16.0
20230111_0,-2.0,-8.0,-6.26750648388292,-7.234504605097823,-8.201502726312725,-8.685001786920177,-6.0,-4.0,-4.0,-10.0,-18.0,-13.67988143756947,-12.804508476271623,-11.92913551497378,-11.491449034324855,-14.0,-14.0,-14.0
20230111_1,-2.0,-8.0,-6.031134173461823,-7.066902483283643,-8.102670793105462,-8.620554948016373,-4.0,-4.0,-4.0,-10.0,-18.0,-13.75166790214974,-12.440353021385098,-11.129038140620455,-10.473380700238136,-16.0,-16.0,-16.0
20230111_2,-2.0,-8.0,-3.571859296482412,-4.815288303958489,-6.058717311434566,-6.6804318151726045,-2.0,-2.0,-2.0,-10.0,-16.0,-12.682412060301507,-11.517031510395672,-10.351650960489838,-9.76896068553692,-14.0,-14.0,-14.0
20230112_0,2.0,-10.0,-6.072264280798349,-7.3689998220860495,-8.665735363373752,-9.314103134017602,-4.0,-4.0,-4.0,-10.0,-18.0,-14.0481761871989,-12.616633883278194,-11.185091579357488,-10.469320427397136,-16.0,-16.0,-16.0
20230112_2,-2.0,-8.0,-5.008498583569405,-6.129112094093741,-7.249725604618078,-7.810032359880246,-4.0,-4.0,-4.0,-10.0,-16.0,-13.685552407932011,-12.279786900701328,-10.874021393470644,-10.171138639855302,-16.0,-16.0,-16.0
20230116_0,4.0,-4.0,-0.4911056853854203,-1.4873518138905948,-2.483597942395769,-2.981721006648357,0.0,0.0,0.0,-6.0,-16.0,-7.928845483083363,-6.75316072937259,-5.577475975661818,-4.989633598806432,-10.0,-10.0,-10.0
20230116_1,4.0,-6.0,-2.395564878633503,-4.025421057297968,-5.655277235962432,-6.470205325294664,0.0,0.0,0.0,-6.0,-14.0,-9.68954150434522,-7.925393062809885,-6.16124462127455,-5.2791704005068825,-12.0,-12.0,-12.0
20230116_2,0.0,-6.0,-3.717428087986464,-4.839005006996534,-5.960581926006606,-6.521370385511641,-2.0,-2.0,-2.0,-8.0,-14.0,-11.125211505922168,-10.073029909890607,-9.020848313859046,-8.494757515843267,-12.0,-12.0,-12.0
20230117_0,0.0,-50.0,-2.793982448809026,-4.183659113408854,-5.573335778008682,-6.268174110308596,-2.0,-2.0,-2.0,-8.0,-62.0,-10.807354784788968,-9.24373855396295,-7.680122323136935,-6.898314207723926,-12.0,-12.0,-12.0
20230117_1,-2.0,-6.0,-4.03019410496046,-5.150992815771545,-6.27179152658263,-6.832190881988172,-2.0,-2.0,-2.0,-8.0,-14.0,-12.46513299784328,-11.4082948681568,-10.35145673847032,-9.82303767362708,-14.0,-14.0,-14.0
20230117_2,0.0,-6.0,-2.317718940936864,-3.242655607262199,-4.167592273587534,-4.630060606750202,-2.0,-2.0,-2.0,-6.0,-14.0,-10.188730482009504,-8.863922014002497,-7.539113545995489,-6.876709311991986,-12.0,-12.0,-12.0
20230118_0,2.0,-6.0,-1.4506493506493507,-2.75501266562464,-4.059375980599929,-4.711557638087573,0.0,0.0,0.0,-6.0,-16.0,-9.585714285714284,-8.2972752442574,-7.008836202800513,-6.36461668207207,-12.0,-12.0,-12.0
20230118_1,2.0,-4.0,-0.7495601173020527,-2.12103376446069,-3.492507411619328,-4.178244235198647,0.0,1.0999999999994543,1.0999999999994543,-6.0,-12.0,-8.449853372434017,-7.095837049994238,-5.741820727554458,-5.064812566334568,-10.0,-10.0,-10.0
20230118_2,2.0,-4.0,-0.1069258809234507,-1.403444728281541,-2.6999635756396314,-3.3482229993186765,2.0,2.0,2.0,-4.0,-10.0,-7.92588092345079,-6.564012576761229,-5.202144230071667,-4.521210056726887,-10.0,-10.0,-10.0
20230119_0,6.0,-2.0,1.3518921270117443,-0.0858678421772349,-1.5236278113662145,-2.2425077959607043,2.0,4.0,4.0,-4.0,-12.0,-6.487168334058286,-5.065226106703365,-3.643283879348445,-2.932312765670984,-8.0,-8.0,-8.0
20230119_1,12.0,0.0,2.9475833900612662,1.5883781702944022,0.2291729505275381,-0.4504296593558936,4.0,4.0,4.0,0.0,-8.0,-5.065350578624915,-3.7671953844987183,-2.4690401903725223,-1.819962593309424,-6.0,-6.0,-6.0
20230119_2,6.0,0.0,2.981417756366139,1.93810695050894,0.8947961446517412,0.3731407417231418,4.0,4.0,4.0,-2.0,-8.0,-5.006194081211287,-3.9627360886973215,-2.919278096183356,-2.3975490999263727,-6.0,-6.0,-6.0
20230120_0,8.0,-2.0,2.6001420454545454,1.206199307616962,-0.1877434302206215,-0.8847147991394135,4.0,4.0,4.0,-2.0,-10.0,-5.248579545454546,-3.793265974148241,-2.3379524028419367,-1.6102956171887843,-6.0,-8.0,-8.0
20230120_1,8.0,-2.0,1.560498220640569,-0.2725141203155237,-2.1055264612716167,-3.022032631749663,4.0,6.0,6.0,0.0,-10.0,-6.362989323843417,-4.709440496096677,-3.0558916683499384,-2.229117254476569,-8.0,-8.0,-8.0
20230120_2,8.0,-2.0,2.8806699232379622,0.7777664773221145,-1.3251369685937333,-2.376588691551657,6.0,8.0,8.0,0.0,-10.0,-5.159804605722261,-3.43332565400204,-1.706846702281818,-0.8436072264217076,-6.0,-8.0,-8.0
20230130_0,8.0,8.0,8.0,,,,8.0,8.0,8.0,-2.0,-2.0,-2.0,,,,-2.0,-2.0,-2.0
20230130_1,16.0,-6.0,-0.0164772727272727,-2.1452557327351403,-4.274034192743008,-5.338423422746941,2.0,4.0,4.0,0.0,-16.0,-8.048863636363636,-6.109780302472792,-4.170696968581947,-3.201155301636524,-10.0,-10.0,-10.0
20230130_2,4.0,-4.0,-0.674191121143717,-1.7731791398465766,-2.872167158549436,-3.421661167900866,0.0,0.0,0.0,-4.0,-10.0,-7.696012039127163,-6.502029617166379,-5.308047195205594,-4.711055984225203,-10.0,-10.0,-10.0
20230131_0,10.0,-2.0,2.6328377504848093,-0.6641302442260297,-3.9610982389368687,-5.6095822362922885,8.0,8.0,8.0,4.0,-10.0,-4.616677440206852,-1.7164963113724996,1.1836848174618524,2.633775381879028,-8.0,-8.0,-8.0
20230131_1,24.0,6.0,14.568268821777966,10.474017904184468,6.379766986590967,4.332641527794218,20.0,22.0,22.0,16.0,-4.0,6.707783921735432,10.688922834704218,14.670061747673005,16.660631204157397,2.0,0.0,0.0
20230131_2,20.0,8.0,14.352367688022284,12.152319866264454,9.952272044506625,8.85224813362771,18.0,18.0,18.0,12.0,0.0,4.344011142061281,6.651710495033512,8.959409848005743,10.11325952449186,2.0,0.0,0.0
20230201_0,22.0,6.0,11.537777777777778,8.760748650243663,5.983719522709549,4.595204958942492,16.0,16.0,16.0,14.0,-14.0,2.9406060606060604,6.129756846760035,9.31890763291401,10.913483025991,-2.0,-2.0,-2.0
20230201_1,20.0,6.0,11.656329435688866,9.724679634222149,7.793029832755428,6.827204932022068,14.0,14.0,14.0,8.0,-12.0,2.715810879511947,4.966631717875741,7.217452556239533,8.34286297542143,0.0,-2.0,-2.0
20230201_2,20.0,4.0,12.773526370217166,10.00925373834632,7.244981106475476,5.862844790540053,16.0,16.0,16.0,10.0,-2.0,4.510858324715615,7.0686046451590325,9.626350965602452,10.90522412582416,0.0,0.0,0.0
20230202_0,22.0,8.0,12.845945945945946,10.46159393205544,8.077241918164937,6.885065911219684,16.0,16.0,16.0,12.0,-4.0,5.199099099099099,7.396643531280109,9.594187963461115,10.692960179551624,2.0,2.0,2.0
20230202_1,16.0,4.0,11.122651178681243,8.93190382519694,6.741156471712635,5.645782794970483,14.0,14.0,14.0,8.0,-6.0,2.5432183122651177,4.638381090873166,6.733543869481215,7.78112525878524,0.0,0.0,0.0
20230202_2,14.0,2.0,7.4415164123901985,4.724067413920931,2.006618415451664,0.6478939162170301,10.0,12.0,12.0,6.0,-6.0,-0.5122515025427646,2.3247011477578523,5.161653798058469,6.580130123208778,-4.0,-6.0,-6.0
20230203_0,18.0,4.0,9.3768352365416,6.46595970760962,3.5550841786776406,2.0996464142116515,14.0,14.0,14.0,10.0,-6.0,1.4265905383360522,4.966292866667467,8.505995194998881,10.27584635916459,-2.0,-2.0,-2.0
20230203_1,20.0,6.0,11.523955147808358,9.630385403012724,7.736815658217088,6.790030785819271,14.0,14.0,14.0,8.0,0.0,3.763506625891947,5.69795863523405,7.632410644576153,8.599636649247204,2.0,0.0,0.0
20230203_2,20.0,12.0,14.968568102444705,13.156232959627442,11.343897816810182,10.437730245401552,18.0,18.0,18.0,10.0,2.0,6.218859138533178,7.714328006529627,9.209796874526075,9.9575313085243,4.0,4.0,4.0
20230206_0,24.0,6.0,14.312282446544009,10.770640570816656,7.2289986950893,5.458177757225622,18.0,20.0,20.0,14.0,-2.0,5.135753356539035,8.120785614143232,11.10581787174743,12.598334000549528,0.0,0.0,0.0
20230206_1,28.0,2.0,10.940577249575552,8.23274628340058,5.524915317225608,4.170999834138121,14.0,16.0,16.0,10.0,-36.0,2.409168081494058,5.657264827451558,8.905361573409056,10.529409946387808,-2.0,-2.0,-2.0
20230207_0,30.0,8.0,13.143671143671144,11.36359180680008,9.583512469929016,8.693472801493485,16.0,16.0,16.0,8.0,-2.0,4.012210012210012,6.347643215929722,8.683076419649431,9.850793021509286,2.0,0.0,0.0
20230207_1,18.0,6.0,12.47180370210934,10.695936292346513,8.920068882583681,8.032135177702266,14.0,14.0,14.0,8.0,-2.0,4.286698235040896,6.212659741443376,8.138621247845856,9.101602001047096,2.0,0.0,0.0
20230207_2,20.0,10.0,14.352741661955909,12.84786850639351,11.342995350831114,10.590558773049914,16.0,16.0,16.0,10.0,2.0,5.730921424533634,7.280975904323158,8.831030384112683,9.606057624007445,4.0,4.0,4.0
20230208_0,28.0,12.0,17.754116355653128,15.899155195781912,14.044194035910694,13.116713455975086,20.0,20.0,20.0,14.0,2.0,8.156970362239298,9.726712131997283,11.296453901755276,12.08132478663427,6.0,6.0,6.0
20230208_1,26.0,12.0,16.960689283791062,15.42692238365852,13.893155483525977,13.126272033459705,18.0,20.0,20.0,16.0,2.0,7.97522886375875,10.173736945240094,12.37224502672144,13.471499067462112,6.0,4.0,4.0
20230208_2,22.0,14.0,18.43705463182898,16.94573111408629,15.454407596343604,14.70874583747226,20.0,20.0,20.0,14.0,6.0,10.503562945368172,12.27669709934744,14.049831253326706,14.93639833031634,8.0,8.0,8.0
20230209_0,36.0,12.0,16.596138374899436,14.058650990751866,11.521163606604295,10.252419914530511,20.0,22.0,22.0,14.0,-20.0,8.23169750603379,10.649150997397651,13.066604488761511,14.275331234443442,6.0,4.0,4.0
20230209_1,22.0,6.0,15.661072451903395,13.086121613081623,10.511170774259853,9.223695354848967,18.0,20.0,20.0,14.0,-2.0,7.736389684813753,10.437910092493894,13.139430500174036,14.490190704014106,4.0,2.0,2.0
20230209_2,20.0,12.0,15.498399146211312,13.610445997256395,11.72249284830148,10.77851627382402,18.0,18.0,18.0,10.0,2.0,5.884738527214514,7.773626342964988,9.662514158715462,10.6069580665907,4.0,2.0,2.0
20230210_0,28.0,8.0,13.61398325947809,10.72001442694713,7.826045594416167,6.379061178150687,18.0,18.0,18.0,12.0,-16.0,4.86656819300837,7.577869116856178,10.289170040703985,11.644820502627889,2.0,0.0,0.0
20230210_1,22.0,-6.0,7.671791204862353,4.742076613911649,1.8123620229609445,0.3475047274855924,12.0,14.0,14.0,10.0,-14.0,-0.4333214158026457,2.1764170346367218,4.786155485076089,6.091024710295772,-4.0,-6.0,-6.0
20230210_2,12.0,4.0,7.263897763578274,5.715032527686923,4.166167291795572,3.3917346738498964,10.0,10.0,10.0,4.0,-4.0,-0.673482428115016,1.3491120543228,3.371706536760616,4.383003777979524,-2.0,-3.5999999999999943,-3.599999999999852
20230213_0,18.0,-4.0,8.853038674033149,5.571946528936089,2.2908543838390294,0.6503083112904999,12.0,14.0,14.0,6.0,-18.0,0.1955801104972375,3.909415465809891,7.623250821122545,9.480168498778871,-6.0,-6.0,-6.0
20230213_1,18.0,6.0,12.043418013856812,9.563934853878068,7.084451693899323,5.844710113909951,16.0,16.0,16.0,10.0,-4.0,3.469745958429561,5.672842875500205,7.875939792570848,8.97748825110617,0.0,0.0,0.0
20230213_2,16.0,8.0,11.873015873015872,10.360490862185529,8.847965851355182,8.091703345940008,14.0,14.0,14.0,8.0,0.0,3.710317460317461,5.252640827459012,6.7949641946005634,7.56612587817134,2.0,2.0,2.0
20230214_0,28.0,-10.0,9.827044025157234,8.095913146001507,6.364782266845779,5.499216827267915,12.0,12.0,12.0,6.0,-20.0,1.790356394129979,3.462507534929772,5.134658675729565,5.970734246129462,0.0,0.0,0.0
20230214_1,14.0,8.0,10.760859188544153,9.477807062890424,8.194754937236695,7.553228874409831,12.0,12.0,12.0,8.0,0.0,4.048687350835322,5.487512134297441,6.92633691775956,7.645749309490619,2.0,2.0,2.0
20230214_2,16.0,8.0,11.39530988274707,9.77001379511908,8.144717707491086,7.332069663677092,14.0,14.0,14.0,6.0,0.0,3.3852596314907872,4.690603785676527,5.995947939862267,6.648620016955137,2.0,2.0,2.0
20230215_0,36.0,-8.0,12.256803372939824,10.698141923537255,9.139480474134688,8.360149749433404,14.0,14.0,14.0,24.0,-70.0,3.2050594097355307,5.435228769706431,7.66539812967733,8.780482809662779,2.0,0.0,0.0
20230215_1,16.0,8.0,11.34730755330683,9.901087076891304,8.454866600475777,7.731756362268013,12.800000000000182,14.0,14.0,8.0,-2.0,3.134803035778822,4.892002714634859,6.649202393490895,7.527802232918914,0.0,0.0,0.0
20230215_2,16.0,8.0,11.23984272608126,9.944651731303422,8.649460736525587,8.001865239136666,12.0,14.0,14.0,6.0,-2.0,2.258191349934469,3.589349506621846,4.920507663309223,5.586086741652912,0.0,0.0,0.0
20230216_0,18.0,10.0,12.8625,10.890737283745931,8.918974567491864,7.933093209364829,16.0,16.0,16.0,10.0,-2.0,4.265909090909091,6.139023764878309,8.012138438847527,8.948695775832137,2.0,2.0,2.0
20230216_1,18.0,10.0,14.814947530074226,13.409340381807215,12.003733233540208,11.300929659406703,16.0,16.0,16.0,10.0,-2.0,5.373432300998208,6.839393787738315,8.305355274478423,9.038336017848476,4.0,2.0,2.0
20230216_2,18.0,10.0,13.857532488368362,12.344989251753212,10.832446015138064,10.076174396830488,16.0,16.0,16.0,8.0,2.0,4.877587036739933,6.382585070093015,7.887583103446095,8.640082120122637,4.0,2.0,2.0
20230217_0,28.0,8.0,12.240131578947368,10.841453946739772,9.442776314532177,8.743437498428378,14.0,14.0,14.0,8.0,-4.0,4.512335526315789,5.895912873221487,7.279490220127185,7.971278893580035,2.0,2.0,2.0
20230217_1,14.0,6.0,10.082494969818914,8.642226554268948,7.201958138718981,6.481823930943998,12.0,12.0,12.0,6.0,-2.0,1.3950368879946344,2.8690254393617187,4.343013990728803,5.080008266412345,0.0,0.0,0.0
20230217_2,16.0,8.0,11.61021897810219,10.08615897267233,8.562098967242472,7.800068964527542,14.0,14.0,14.0,6.0,-2.0,2.3824817518248174,3.876462751437948,5.370443751051078,6.117434250857643,0.0,0.0,0.0
20230220_0,26.0,8.0,11.975051975051976,10.325771494860266,8.676491014668557,7.851850774572703,14.0,14.0,14.0,8.0,-14.0,3.128898128898129,4.8828822667144935,6.636866404530858,7.51385847343904,2.0,0.0,0.0
20230220_1,20.0,8.0,13.36,10.94776507386255,8.535530147725101,7.329412684656376,18.0,18.0,18.0,10.0,0.0,4.993246753246753,7.127624338297655,9.262001923348556,10.329190715874008,2.0,2.0,2.0
20230220_2,20.0,12.0,15.97593984962406,14.23711362976122,12.49828740989838,11.62887429996696,18.0,18.0,18.0,14.0,4.0,7.717293233082707,9.77769555365503,11.838097874227357,12.868299034513516,6.0,4.0,4.0
20230221_0,14.0,14.0,14.0,,,,14.0,14.0,14.0,2.0,2.0,2.0,,,,2.0,2.0,2.0
20230221_1,20.0,14.0,17.288931480594155,15.982414458415176,14.675897436236191,14.022638925146705,18.0,20.0,20.0,14.0,6.0,8.841399137517968,10.120050286407048,11.398701435296127,12.038027009740668,8.0,8.0,8.0
20230221_2,22.0,12.0,16.39387308533917,14.308560737135547,12.223248388931925,11.180592214830114,20.0,20.0,20.0,14.0,4.0,7.905908096280087,9.841312963564125,11.776717830848163,12.744420264490184,6.0,6.0,6.0
20230222_0,36.0,14.0,18.16309461578672,16.692832478250526,15.222570340714327,14.487439271946233,20.0,20.0,20.0,12.0,-144.0,8.838473601672765,12.635568969680222,16.43266433768768,18.331212021691407,6.0,6.0,6.0
20230222_1,30.0,14.0,18.633802816901408,16.388480166348657,14.14315751579591,13.020496190519534,22.0,22.0,22.0,22.0,4.0,10.20523138832998,12.807180407492314,15.409129426654648,16.710103936235814,6.0,6.0,6.0
20230222_2,24.0,8.0,14.894776684330052,12.2948970310661,9.695017377802149,8.395077551170171,18.0,20.0,20.0,16.0,0.0,6.284632853898562,9.079240492501524,11.873848131104484,13.271151950405963,4.0,2.0,2.0
20230223_0,54.0,8.0,12.815228426395938,10.850086952760744,8.884945479125548,7.902374742307952,14.0,16.0,16.0,10.0,-4.0,4.370558375634518,6.012361003977424,7.65416363232033,8.475064946491782,2.0,2.0,2.0
20230223_1,20.0,6.0,11.864246250986582,9.86925640417468,7.87426655736278,6.87677163395683,14.0,14.0,14.0,8.0,-2.0,3.973954222573007,5.933904689921825,7.893855157270642,8.873830390945052,2.0,0.0,0.0
20230223_2,16.0,8.0,11.625,10.057879686696111,8.490759373392226,7.707199216740282,14.0,14.0,14.0,8.0,0.0,3.353982300884956,4.733220263981016,6.112458227077076,6.802077208625107,2.0,2.0,2.0
20230224_0,22.0,4.0,13.30756843800322,11.176822177462434,9.046075916921644,7.98070278665125,16.0,16.0,16.0,10.0,-10.0,4.191626409017713,6.720937929121581,9.25024944922545,10.514905209277384,0.0,0.0,0.0
20230224_1,18.0,8.0,13.034426229508195,10.865928734819848,8.697431240131499,7.613182492787324,16.0,16.0,16.0,8.0,0.0,3.764754098360656,5.498693917091724,7.232633735822791,8.099603645188324,2.0,2.0,2.0
20230224_2,18.0,8.0,11.499148211243613,9.6797063758926,7.860264540541589,6.950543622866083,14.0,14.0,14.0,8.0,-2.0,2.032935831913685,4.141642043636272,6.25034825535886,7.304701361220154,0.0,0.0,0.0
20230227_0,18.0,8.0,13.43856726364015,11.724509131678264,10.010450999716376,9.153421933735432,16.0,16.0,16.0,8.0,-198.0,3.945022907122032,8.461693095792597,12.978363284463164,15.236698378798447,2.0,2.0,2.0
20230227_1,30.0,10.0,14.799806576402322,12.889237099899798,10.978667623397277,10.023382885146011,18.0,18.0,18.0,12.0,-2.0,5.779497098646035,7.715514121908014,9.651531145169994,10.619539656800985,4.0,4.0,4.0
20230227_2,18.0,6.0,12.471153846153848,10.812327090882372,9.153500335610897,8.32408695797516,14.0,14.0,14.0,8.0,-2.0,3.061965811965812,4.757183716667514,6.452401621369217,7.300010573720068,0.0,0.0,0.0
20230228_0,28.0,8.0,12.069186418962204,10.462462349813627,8.85573828066505,8.052376246090763,14.0,14.0,14.0,8.0,-62.0,3.4349775784753365,5.3564827532363095,7.277987927997282,8.238740515377769,2.0,2.0,2.0
20230228_1,28.0,10.0,17.962609970674485,13.372471060239224,8.782332149803963,6.487262694586333,24.0,26.0,26.0,20.0,0.0,8.603372434017595,13.036589095162428,17.46980575630726,19.68641408687968,4.0,2.0,2.0
20230228_2,24.0,12.0,16.821978021978023,15.024424238783531,13.22687045558904,12.328093563991796,20.0,20.0,20.0,12.0,2.0,7.725274725274725,9.5562268786718,11.387179032068875,12.302655108767414,6.0,4.0,4.0
20230301_0,26.0,10.0,14.84457478005865,12.523226532179772,10.201878284300896,9.041204160361456,18.0,18.0,18.0,14.0,2.0,8.511101801424383,10.560824842256157,12.610547883087929,13.635409403503814,6.0,6.0,6.0
20230301_1,20.0,12.0,15.7657254682695,14.14997542751868,12.534225386767863,11.726350366392456,18.0,18.0,18.0,14.0,0.0,9.488957226726306,11.537160851899396,13.585364477072488,14.609466289659032,6.0,6.0,6.0
20230301_2,22.0,12.0,14.962273395394414,13.344041630526927,11.725809865659444,10.9166939832257,18.0,18.0,18.0,14.0,4.0,8.542871141597256,9.856170156111714,11.169469170626174,11.826118677883404,8.0,6.0,6.0
20230302_0,108.0,-78.0,15.064885496183209,12.097777438253113,9.130669380323017,7.647115351357968,16.0,18.0,18.0,98.0,-88.0,8.345038167938931,11.235958602807711,14.126879037676495,15.572339255110888,6.0,6.0,6.0
20230302_1,18.0,10.0,13.45803842264914,11.928387579751236,10.398736736853332,9.63391131540438,16.0,16.0,16.0,12.0,0.0,7.116279069767442,8.500177046530961,9.88407502329448,10.57602401167624,6.0,6.0,6.0
20230302_2,18.0,10.0,14.062984496124033,13.008986265001766,11.954988033879502,11.42798891831837,16.0,16.0,16.0,10.0,4.0,7.015503875968992,8.439538254003821,9.86357263203865,10.575589821056068,6.0,6.0,6.0
20230303_0,20.0,8.0,12.427891156462586,10.916483595398606,9.405076034334629,8.649372253802637,14.0,14.0,14.0,10.0,-32.0,6.03265306122449,7.5596434547212334,9.086633848217977,9.850129044966348,4.0,4.0,4.0
20230303_1,20.0,10.0,14.26771653543307,12.80130714963406,11.334897763835048,10.60169307093554,16.0,16.0,16.0,14.0,4.0,7.974503187101612,9.927271262695912,11.880039338290214,12.856423376087363,6.0,6.0,6.0
20230303_2,24.0,14.0,19.34709397066812,17.419715858475172,15.492337746282232,14.52864869018576,22.0,22.0,22.0,18.0,6.0,12.992938620315046,14.988709720348918,16.98448082038279,17.982366370399724,10.0,10.0,10.0
20230306_0,24.0,14.0,18.235533585344577,16.018852301300978,13.80217101725738,12.69383037523558,22.0,22.0,22.0,18.0,-12.0,11.969177086362317,13.75731041966585,15.545443752969389,16.439510419621154,10.0,10.0,10.0
20230306_1,32.0,14.0,17.508793208004853,15.8776356880179,14.246478168030947,13.430899408037472,20.0,20.0,20.0,18.0,4.0,11.044875682231655,12.431513942724418,13.818152203217185,14.511471333463565,10.0,8.0,8.0
20230306_2,22.0,14.0,17.055879899916597,15.62341874158314,14.19095758324968,13.47472700408295,18.0,20.0,20.0,16.0,6.0,11.107589658048374,12.553346741848472,13.999103825648568,14.721982367548616,10.0,8.0,8.0
20230307_0,20.0,12.0,17.556433408577877,16.22691091368263,14.897388418787386,14.232627171339765,20.0,20.0,20.0,16.0,6.0,11.321670428893905,12.695727025281538,14.069783621669174,14.75681191986299,10.0,10.0,10.0
20230307_1,24.0,16.0,19.979219143576827,18.84636983870371,17.71352053383059,17.14709588139403,22.0,22.0,22.0,18.0,8.0,14.319269521410579,15.709478332021098,17.099687142631616,17.794791547936875,12.0,12.0,12.0
20230307_2,26.0,18.0,21.310526315789474,19.673755063911997,18.036983812034517,17.21859818609578,24.0,24.0,24.0,20.0,12.0,15.427631578947368,16.946882519097457,18.466133459247548,19.22575892932259,14.0,12.0,12.0
20230308_0,26.0,14.0,19.36744692433315,17.517260964463823,15.66707500459449,14.741982024659826,22.0,24.0,24.0,20.0,10.0,13.429504627109418,15.129517578682963,16.82953053025651,17.67953700604328,12.0,12.0,12.0
20230308_1,38.0,18.0,29.407044410413476,25.58422055574488,21.761396701076286,19.849984773741987,34.0,34.0,34.0,32.0,8.0,23.08728943338438,26.921160446592996,30.755031459801614,32.67196696640592,18.0,16.0,16.0
20230308_2,36.0,24.0,31.48209825145712,28.89068496250499,26.29927167355286,25.003565029076793,34.0,36.0,36.0,32.0,18.0,24.928393005828475,27.641810359405824,30.355227712983172,31.711936389771846,22.0,20.0,20.0
20230309_0,42.0,24.0,31.572508096437566,29.436379537790586,27.300250979143602,26.23218669982011,34.0,36.0,36.0,32.0,8.0,25.10975170924793,27.255077108491385,29.400402507734835,30.473065207356562,22.0,22.0,22.0
20230309_1,34.0,18.0,23.432632177373506,20.514961083229743,17.597289989085983,16.1384544420141,28.0,30.0,30.0,26.0,10.0,17.268902785673678,20.37592281942307,23.48294285317246,25.036452870047157,14.0,14.0,14.0
20230309_2,30.0,16.0,25.302325581395348,22.934174755875272,20.566023930355197,19.38194851759516,28.0,28.0,28.0,26.0,10.0,18.88268733850129,21.403784466124094,23.924881593746896,25.185430157558297,14.0,14.0,14.0
20230310_0,132.0,-78.0,28.159457040572793,-10.689898179916884,-49.539253400406565,-68.96393101065141,78.0,104.0,104.0,126.0,-86.0,21.620077565632457,60.562113806092434,99.50415004655241,118.9751681667824,-28.0,-54.0,-54.0
20230310_1,36.0,18.0,28.602857913184145,26.39153019998645,24.180202486788748,23.0745386301899,32.0,32.0,32.0,30.0,-16.0,22.391480183337826,24.94234201994066,27.493203856543495,28.768634774844912,20.0,18.0,18.0
20230310_2,32.0,22.0,26.343354430379748,24.57144054685789,22.79952666333603,21.9135697215751,28.0,30.0,30.0,26.0,16.0,20.541930379746834,22.084564867671517,23.627199355596197,24.39851659955854,18.0,18.0,18.0
20230313_0,54.0,10.0,28.54138469547111,26.448394209830756,24.355403724190403,23.308908481370228,30.0,32.0,32.0,46.0,0.0,21.866736074960958,24.07083446044355,26.274932845926145,27.376982038667443,20.0,18.0,18.0
20230313_1,32.0,24.0,27.70602409638554,26.13333235913584,24.560640621886137,23.774294753261287,30.0,30.0,30.0,26.0,16.0,21.13433734939759,22.638382867394753,24.142428385391916,24.894451144390498,20.0,18.0,18.0
20230313_2,28.0,22.0,25.735560859188546,24.61411481919118,23.492668779193814,22.93194575919513,26.0,28.0,28.0,22.0,18.0,19.823389021479713,20.837768430977157,21.8521478404746,22.35933754522332,18.0,18.0,18.0
20230314_0,148.0,-82.0,23.458725761772854,20.02005958331544,16.581393404858026,14.86206031562932,26.0,26.0,26.0,132.0,-92.0,17.13961218836565,20.385328313702054,23.631044439038458,25.253902501706662,14.0,14.0,14.0
20230314_1,36.0,14.0,24.25627540043031,20.939532633035732,17.622789865641153,15.964418481943865,28.0,28.0,28.0,28.0,6.0,18.16830026296916,21.30466831325228,24.4410363635354,26.009220388676958,14.0,12.0,12.0
20230314_2,28.0,20.0,23.852649006622517,22.435285074497074,21.01792114237163,20.30923917630891,26.0,26.0,26.0,24.0,14.0,18.192052980132452,19.59935240958893,21.006651839045414,21.710301553773654,16.0,16.0,16.0
20230315_0,132.0,-72.0,27.116353034720383,24.33433223710091,21.55231143948144,20.161301040671702,29.600000000000364,30.0,30.0,122.0,-88.0,21.016167505963423,23.83501850221357,26.653869498463713,28.063294996588784,20.0,20.0,20.0
20230315_1,38.0,18.0,22.815213732749918,20.716829526782917,18.618445320815916,17.569253217832415,26.0,26.0,26.0,22.0,8.0,16.3722652305621,18.293287918264205,20.214310605966308,21.17482194981736,14.0,14.0,14.0
20230315_2,32.0,22.0,25.300884955752213,23.595994599846076,21.89110424393994,21.03865906598687,28.0,28.0,28.0,24.0,14.0,19.327433628318584,21.088815979630386,22.850198330942188,23.73088950659809,18.0,16.0,16.0
20230316_0,94.0,-32.0,30.31237113402062,28.084480351025263,25.856589568029904,24.742644176532224,32.0,32.0,32.0,82.0,-40.0,24.309278350515463,26.45172228002111,28.59416620952675,29.665388174279574,22.0,22.0,22.0
20230316_1,36.0,22.0,29.219485791610285,25.710158864695515,22.200831937780748,20.44616847432336,34.0,34.0,34.0,30.0,16.0,22.980784844384303,26.389968424230226,29.799152004076145,31.503743793999107,20.0,18.0,18.0
20230316_2,42.0,28.0,35.261280167890874,32.318618805600195,29.375957443309517,27.904626762164177,40.0,40.0,40.0,36.0,22.0,29.171038824763905,32.15571019230927,35.14038155985463,36.63271724362732,26.0,26.0,26.0
20230317_0,70.0,32.0,59.61907852044127,55.85050563778513,52.081932755129,50.19764631380094,64.0,66.0,66.0,64.0,24.0,52.944192083062944,56.66298306589564,60.38177404872833,62.24116954014468,48.0,48.0,48.0
20230317_1,50.0,30.0,39.89666854884246,35.14570643849222,30.39474432814197,28.01926327296685,46.0,46.0,46.0,42.0,18.0,33.453980801806885,38.2077304587428,42.96148011567872,45.33835494414667,26.0,26.0,26.0
20230317_2,56.0,44.0,49.212765957446805,46.89126549019615,44.56976502294548,43.40901478932015,52.0,54.0,54.0,50.0,36.0,42.8263829787234,45.19396273668521,47.561542494647014,48.74533237362792,40.0,38.0,38.0
20230320_0,60.0,60.0,60.0,,,,60.0,60.0,60.0,48.0,48.0,48.0,,,,48.0,48.0,48.0
20230320_1,96.0,56.0,80.98028625438833,70.74653048583747,60.5127747172866,55.395896833011165,92.0,94.0,94.0,88.0,48.0,73.74345125573859,84.16420879314505,94.58496633055151,99.79534509925473,56.0,52.0,52.0
20230320_2,84.0,70.0,78.35074626865672,74.90260018086028,71.45445409306384,69.73038104916562,82.0,84.0,84.0,78.0,64.0,71.71961620469084,74.77785256997653,77.83608893526223,79.36520711790509,68.0,66.0,66.0
20230321_0,104.0,72.0,91.10230834995726,83.82759873175401,76.55288911355076,72.91553430444914,100.0,100.0,100.0,98.0,66.0,84.50270732402394,91.75718779936149,99.01166827469903,102.6389085123678,74.0,72.0,72.0
20230321_1,108.0,86.0,99.79378881987577,95.3215460372439,90.84930325461204,88.6131818632961,104.0,104.0,104.0,102.0,80.0,93.44409937888199,97.94300117743691,102.44190297599185,104.69135387526931,86.0,84.0,84.0
20230321_2,96.0,76.0,87.71853228053878,84.57915601340274,81.43977974626671,79.87009161269869,92.0,92.0,92.0,90.0,70.0,81.15652577798421,84.56683779785445,87.97714981772468,89.68230582765979,76.0,74.0,74.0
20230322_0,182.0,58.0,83.09190031152647,76.38394866292197,69.67599701431746,66.3220211900152,88.0,90.0,90.0,172.0,50.0,76.69158878504673,83.40817131194049,90.12475383883425,93.48304510228112,68.0,64.0,64.0
20230322_1,92.0,68.0,77.60665434380776,72.93846759329617,68.27028084278459,65.93618746752878,84.0,88.0,88.0,84.0,62.0,70.94121996303143,75.10643117710981,79.27164239118821,81.35424799822741,66.0,64.0,64.0
20230322_2,92.0,66.0,74.3148765843896,69.52312673104913,64.73137687770867,62.33550195103844,82.0,84.0,84.0,82.0,60.0,67.70246831220814,72.87707644590091,78.05168457959368,80.63898864644007,62.0,62.0,62.0
20230323_0,102.0,58.0,74.07185628742515,66.05366740845483,58.03547852948452,54.02638408999937,86.0,86.0,86.0,96.0,52.0,67.29266467065868,75.59081384717545,83.88896302369223,88.03803761195061,58.0,56.0,56.0
20230323_1,86.0,68.0,76.90393190109445,73.52587236386796,70.14781282664148,68.45878305802825,80.0,82.0,82.0,80.0,62.0,70.52452371301176,73.96167029237293,77.3988168717341,79.11739016141468,66.0,64.0,64.0
20230323_2,84.0,74.0,80.58772563176895,78.79548333006409,77.00324102835924,76.10711987750682,82.0,84.0,84.0,78.0,70.0,74.24837545126354,76.06722323427853,77.88607101729352,78.795494908801,72.0,72.0,72.0
20230324_0,84.0,66.0,73.37229601518027,69.98366335779808,66.59503070041589,64.90071437172479,78.0,80.0,80.0,80.0,58.0,66.99734345351044,70.27371600343025,73.55008855335007,75.18827482830997,64.0,62.0,62.0
20230324_1,88.0,68.0,78.65549597855228,74.69195742021371,70.72841886187514,68.74664958270586,82.0,84.0,84.0,80.0,58.0,71.77479892761394,75.73439476835871,79.69399060910348,81.67378852947587,66.0,64.0,64.0
20230324_2,94.0,72.0,79.4296875,75.27595656222027,71.12222562444053,69.04536015555067,86.0,86.0,86.0,86.0,66.0,73.13671875,76.94667143957827,80.75662412915652,82.66160047394565,68.0,68.0,68.0
20230327_0,118.0,82.0,96.95657809462087,90.60930283431883,84.26202757401678,81.08838994386576,104.0,110.0,110.0,112.0,72.0,90.58457550226831,96.98700174906537,103.38942799586242,106.59064111926095,82.0,80.0,80.0
20230327_1,110.0,82.0,95.16379626236717,89.32656795918587,83.48933965600457,80.57072550441393,102.0,104.0,104.0,104.0,76.0,88.73726639794796,94.52292403675942,100.30858167557088,103.20141049497661,80.0,78.0,78.0
20230327_2,96.0,80.0,87.93052109181141,84.31463407976749,80.69874706772357,78.8908035617016,92.0,94.0,94.0,90.0,76.0,81.79321753515302,85.10888179089099,88.42454604662896,90.08237817449793,78.0,76.0,76.0
20230328_0,106.0,78.0,82.38364779874213,80.4605925540597,78.53753730937729,77.57600968703606,84.0,86.0,86.0,100.0,72.0,75.86972147349506,77.76853473117906,79.66734798886307,80.61675461770507,74.0,74.0,74.0
20230328_1,98.0,78.0,85.74281274281275,81.26070502889408,76.77859731497543,74.53754345801609,94.0,94.0,94.0,92.0,64.0,79.75291375291376,84.3467492084264,88.94058466393905,91.23750239169537,76.0,74.0,74.0
20230328_2,98.0,80.0,87.03311258278146,82.83101132006708,78.6289100573527,76.5278594259955,94.0,96.0,96.0,92.0,74.0,81.16777041942605,85.2297554871607,89.29174055489537,91.32273308876269,78.0,76.0,76.0
20230329_0,92.0,82.0,88.09412819363514,86.31933797937451,84.54454776511388,83.65715265798356,90.0,90.0,90.0,86.0,76.0,81.80277902285971,83.5357645710799,85.26875011930008,86.13524289341018,80.0,78.0,78.0
20230329_1,102.0,84.0,92.40966183574879,88.1947600363034,83.97985823685802,81.87240733713533,98.0,98.0,98.0,96.0,76.0,86.28405797101449,90.47483093253413,94.66560389405379,96.76099037481362,82.0,80.0,80.0
20230329_2,104.0,86.0,97.96926579396698,94.8386305239108,91.7079952538546,90.14267761882653,102.0,102.0,102.0,98.0,78.0,92.0330108138873,95.33156483656809,98.63011885924888,100.27939587058928,88.0,84.0,84.0
20230330_0,112.0,94.0,104.33422064477965,100.80537372918974,97.27652681359983,95.51210335580487,108.0,108.0,108.0,106.0,88.0,98.24844720496894,101.91241312412723,105.57637904328551,107.40836200286465,92.0,92.0,92.0
20230330_1,118.0,96.0,105.48182466143977,100.98747990608994,96.49313515074012,94.2459627730652,112.0,112.0,112.0,110.0,88.0,99.50106913756237,104.11019349876554,108.71931785996871,111.0238800405703,94.0,92.0,92.0
20230330_2,114.0,104.0,107.85298013245033,105.90274411176348,103.95250809107665,102.97739008073323,110.0,110.0,110.0,110.0,98.0,101.71258278145696,103.6756717525054,105.63876072355383,106.62030520907805,100.0,98.0,98.0
20230331_0,112.0,90.0,101.06853464596743,97.5366133713914,94.00469209681536,92.23873145952734,106.0,106.0,106.0,104.0,84.0,95.20257478227944,98.49148074914659,101.78038671601374,103.42483969944732,92.0,90.0,90.0
20230331_1,110.0,96.0,102.40341095441129,99.19725072335771,95.99109049230412,94.38801037677734,106.0,108.0,108.0,104.0,90.0,96.31288947195802,99.14835474851566,101.98382002507331,103.40155266335213,92.0,92.0,92.0
20230331_2,106.0,96.0,102.70697674418605,100.58068227860068,98.45438781301529,97.3912405802226,104.0,106.0,106.0,100.0,90.0,96.52491694352159,98.71855432388506,100.91219170424853,102.00901039443026,94.0,92.0,92.0
20230403_0,100.0,84.0,93.39019033674964,91.13414697787145,88.87810361899326,87.75008193955416,96.0,96.0,96.0,94.0,76.0,87.0117130307467,89.48512530608296,91.95853758141924,93.19524371908736,84.0,82.0,82.0
20230403_1,136.0,68.0,87.76010498687664,79.56363436032328,71.36716373376991,67.26892842049324,96.0,98.0,98.0,104.0,26.0,81.22992125984251,88.98125121248631,96.7325811651301,100.608246141452,70.0,68.0,68.0
20230403_2,84.0,70.0,76.05381875741986,73.4467541842962,70.83968961117253,69.53615732461068,78.0,80.0,80.0,80.0,62.0,70.06173328056984,72.90177956002553,75.74182583948122,77.16184897920907,66.0,66.0,66.0
20230404_0,84.0,66.0,72.77641564506713,69.03753980854732,65.2986639720275,63.42922605376759,78.0,80.0,80.0,78.0,60.0,66.65207238762405,70.45215960468114,74.25224682173825,76.1522904302668,62.0,62.0,62.0
20230404_1,82.0,66.0,73.83090740167235,69.85484537754122,65.87878335341009,63.89075234134452,80.0,80.0,80.0,76.0,60.0,67.43202229792506,71.1214160220411,74.81080974615713,76.65550660821515,62.0,62.0,62.0
20230404_2,78.0,66.0,70.98273705278959,68.55810696859002,66.13347688439045,64.92116184229067,74.0,76.0,76.0,74.0,60.0,65.18288716537403,67.73912692960974,70.29536669384547,71.57348657596332,62.0,62.0,62.0
20230406_0,70.0,70.0,70.0,,,,70.0,70.0,70.0,64.0,64.0,64.0,,,,64.0,64.0,64.0
20230406_1,80.0,54.0,61.09810844892812,58.65362724661179,56.20914604429545,54.98690544313729,64.0,66.0,66.0,70.0,48.0,55.10416141235813,57.505072636567206,59.90598386077629,61.10643947288083,52.0,52.0,52.0
20230406_2,64.0,48.0,56.17099811676083,52.84595629591166,49.5209144750625,47.858393564637915,62.0,62.0,62.0,60.0,42.0,50.511487758945385,53.753857482701164,56.99622720645695,58.61741206833484,46.0,46.0,46.0
20230407_0,62.0,46.0,53.08880866425993,50.180547615307816,47.272286566355696,45.81815604187964,58.0,58.0,58.0,58.0,40.0,47.214440433213,50.18161503088257,53.14878962855214,54.63237692738692,44.0,44.0,44.0
20230407_1,62.0,32.0,46.19951778179626,38.76016558027298,31.3208133787497,27.601137277988062,58.0,58.0,58.0,56.0,28.0,40.409885473176615,47.78285870825203,55.15583194332744,58.84231856086515,30.0,30.0,30.0
20230407_2,36.0,24.0,30.440203562340965,27.86399401680234,25.287784471263713,23.999679698494404,34.0,34.0,34.0,30.0,18.0,24.635284139100932,27.21554802364548,29.79581190819003,31.0859438504623,22.0,20.0,20.0
20230410_0,42.0,26.0,34.191754554170664,31.284119836074858,28.37648511797905,26.922667758931148,38.0,38.0,38.0,38.0,20.0,28.172579098753594,31.141472305024102,34.11036551129461,35.594812114429864,24.0,22.0,22.0
20230410_1,46.0,28.0,38.350086655112655,34.80497032495216,31.259853994791662,29.487295829711414,42.0,44.0,44.0,40.0,22.0,32.08764545679624,35.57444123536703,39.06123701393782,40.80463490322322,28.0,26.0,26.0
20230410_2,46.0,36.0,42.22800173385349,40.388369727589634,38.54873772132578,37.62892171819385,44.0,46.0,46.0,42.0,32.0,36.070221066319895,37.77738471209833,39.484548357876776,40.338130180765994,34.0,34.0,34.0
20230411_0,48.0,36.0,41.78178368121442,38.729283513642436,35.67678334607045,34.150533262284455,46.0,46.0,46.0,44.0,30.0,35.89500316255535,38.91539892940631,41.93579469625726,43.445992579682745,32.0,32.0,32.0
20230411_1,44.0,34.0,39.02435977514054,37.46654949658895,35.908739218037354,35.129834078761554,40.0,42.0,42.0,38.0,30.0,33.143035602748284,34.654471721849866,36.165907840951455,36.92162590050225,32.0,30.0,30.0
20230411_2,46.0,32.0,41.33211845102506,38.64306050131786,35.95400255161066,34.60947357675706,44.0,44.0,44.0,42.0,28.0,35.56993166287016,38.15327493931123,40.7366182157523,42.02828985397284,32.0,30.0,30.0
20230412_0,52.0,36.0,42.9713716704008,41.09856699661893,39.22576232283705,38.28935998594611,46.0,46.0,46.0,48.0,26.0,37.079412496888224,38.951815573218816,40.8242186495494,41.76042018771469,34.0,34.0,34.0
20230412_1,48.0,38.0,44.206962785114044,42.81107217844367,41.41518157177331,40.71723626843813,46.0,46.0,46.0,42.0,32.0,38.138775510204084,39.59480637450138,41.05083723879868,41.77885267094733,36.0,36.0,36.0
20230412_2,46.0,38.0,42.65703971119134,41.134989564073656,39.612939416955975,38.85191434339713,44.0,44.5,44.5,42.0,32.0,36.795126353790614,38.334817531617965,39.87450870944531,40.644354298358984,34.0,34.0,34.0
20230413_0,52.0,38.0,45.6650406504065,42.99750491850503,40.329969186603556,38.996201320652816,48.0,50.0,50.0,46.0,32.0,39.576151761517615,42.30075236641823,45.02535297131885,46.38765327376916,36.0,34.0,34.0
20230413_1,56.0,40.0,47.70703839122486,44.91323204892107,42.11942570661728,40.72252253546538,52.0,52.0,52.0,50.0,36.0,41.88665447897623,44.65165122385989,47.416647968743554,48.79914634118539,38.0,38.0,38.0
20230413_2,58.0,48.0,51.75690607734806,50.193486242487566,48.63006640762706,47.848356490196814,54.0,54.0,54.0,52.0,42.0,45.968550786230345,47.52060570536683,49.072660624503314,49.84868808407156,44.0,44.0,44.0
20230414_0,64.0,42.0,49.48122183274912,46.26791477329838,43.054607713847645,41.447954184122274,54.0,54.0,54.0,52.0,36.0,43.74762143214822,46.873561407127475,49.999501382106736,51.562471369596366,40.0,38.0,38.0
20230414_1,66.0,46.0,55.89202657807309,51.56882369355758,47.245620809042066,45.08401936678431,62.0,64.0,64.0,60.0,36.0,49.920265780730894,54.18436100052103,58.44845622031116,60.580503830206226,44.0,44.0,44.0
20230414_2,66.0,50.0,57.16251697600724,54.002054680261246,50.841592384515245,49.261361236642244,62.0,62.0,62.0,60.0,44.0,51.07378904481666,54.16340556586653,57.25302208691642,58.797830347441355,48.0,46.0,46.0
20230417_0,72.0,60.0,67.03991048116374,64.30015823323274,61.560405985301735,60.19052986133623,70.0,72.0,72.0,68.0,50.0,61.24356583364416,63.97330473036397,66.70304362708377,68.06791307544367,58.0,56.0,56.0
20230417_1,80.0,58.0,68.3376993166287,65.3016260321939,62.265552747759074,60.74751610554167,72.0,74.0,74.0,74.0,50.0,62.57004555808656,65.72622735954526,68.88240916100396,70.46050006173331,58.0,58.0,58.0
20230417_2,100.0,66.0,82.95419309372798,74.34469916814612,65.73520524256428,61.43045827977335,94.0,96.0,96.0,94.0,60.0,77.46723044397463,86.13227478631984,94.79731912866505,99.12984129983766,68.0,64.0,64.0
20230418_0,100.0,80.0,92.19715376605345,88.38634965048276,84.57554553491207,82.67014347712673,96.0,98.0,98.0,94.0,76.0,86.51232211037834,90.21985070120057,93.9273792920228,95.78114358743393,82.0,80.0,80.0
20230418_1,94.0,78.0,86.05046027957722,82.95133991640135,79.85221955322548,78.30265937163756,90.0,90.0,90.0,90.0,72.0,80.30685305148312,83.43550819919594,86.56416334690874,88.12849092076516,76.0,74.0,74.0
20230418_2,94.0,84.0,88.24694376528117,86.45681806815215,84.66669237102312,83.7716295224586,90.0,92.0,92.0,86.0,78.0,82.66503667481662,84.42067806235562,86.17631944989463,87.05414014366413,80.0,80.0,80.0
20230419_0,90.0,78.0,83.69385629989587,81.22249384555374,78.75113139121162,77.51545016404054,88.0,88.0,88.0,86.0,72.0,77.87365498090941,80.44445862829683,83.01526227568425,84.30066409937797,74.0,74.0,74.0
20230419_1,88.0,72.0,80.47206230951575,77.48644042191233,74.5008185343089,73.0080075905072,84.0,86.0,86.0,82.0,68.0,74.68540467321368,77.81520401987221,80.94500336653073,82.50990303985999,70.0,70.0,70.0
20230419_2,82.0,72.0,76.3448573898012,74.32198730659903,72.29911722339685,71.28768218179576,78.0,80.0,80.0,76.0,66.0,70.7951598962835,72.80517651124157,74.81519312619965,75.82020143367868,68.0,68.0,68.0
20230420_0,82.0,82.0,82.0,,,,82.0,82.0,82.0,74.0,74.0,74.0,,,,74.0,74.0,74.0
20230420_1,92.0,80.0,85.41089250071286,83.34889673051252,81.28690096031217,80.255903075212,88.0,88.0,88.0,86.0,74.0,79.45765611633875,81.56626327939135,83.67487044244395,84.72917402397024,78.0,76.0,76.0
20230420_2,114.0,84.0,90.9160751565762,87.74073871274456,84.5654022689129,82.97773404699709,94.0,96.0,96.0,108.0,78.0,85.09561586638831,88.44027731711323,91.78493876783816,93.45726949320061,82.0,80.0,80.0
20230421_0,92.0,68.0,84.0823947836396,78.9077945027438,73.73319422184801,71.1458940814001,88.0,90.0,90.0,86.0,62.0,78.51748666271487,83.50868758582716,88.49988850893945,90.9954889704956,70.0,68.0,68.0
20230421_1,84.0,68.0,75.07239962061334,72.87856514534054,70.68473067006775,69.58781343243135,78.0,80.0,80.0,78.0,64.0,69.42902307935505,71.5497332584979,73.67044343764073,74.73079852721216,68.0,66.0,66.0
20230421_2,82.0,72.0,75.28856382978724,73.34272990592247,71.3968959820577,70.42397902012532,78.0,78.0,78.0,76.0,66.0,69.6063829787234,71.42426903936561,73.24215510000782,74.15109813032893,68.0,68.0,68.0
20230424_0,78.0,72.0,74.26666666666667,72.14646901190943,70.02627135715218,68.96617252977357,77.2,78.0,78.0,72.0,66.0,68.4,70.69284601688445,72.9856920337689,74.13211504221111,66.0,66.0,66.0
20230424_1,88.0,70.0,75.43196955280685,72.64440226991043,69.856834987014,68.46305134556579,78.0,82.0,82.0,82.0,66.0,69.96479543292102,72.63443999272252,75.30408455252403,76.63890683242478,68.0,66.0,66.0
20230424_2,78.0,70.0,74.14074074074074,72.88408015482777,71.6274195689148,70.99908927595833,76.0,76.0,76.0,74.0,66.0,68.63456790123456,69.94599538006592,71.25742285889727,71.91313659831295,68.0,66.0,66.0
20230425_0,84.0,70.0,77.09268823049742,74.86384270057664,72.63499717065586,71.52057440569548,80.0,80.0,80.0,78.0,62.0,71.58793150312584,73.83620460990817,76.08447771669049,77.20861427008164,68.0,68.0,68.0
20230425_1,82.0,66.0,74.60955518945634,69.77608031152349,64.94260543359061,62.525867994624186,80.0,80.0,80.0,78.0,60.0,69.16474464579902,73.9752189247437,78.78569320368837,81.1909303431607,62.0,62.0,62.0
20230425_2,74.0,58.0,68.47083160943318,66.29897351981248,64.1271154301918,63.041186385381444,70.0,72.0,72.0,68.0,54.0,62.856433595366155,64.94463587617125,67.03283815697634,68.07693929737889,60.0,58.0,58.0
20230426_0,76.0,54.0,67.65372340425532,64.75500989594133,61.85629638762734,60.406939633470344,72.0,72.0,72.0,70.0,48.0,62.33191489361702,65.40492772760109,68.47794056158516,70.01444697857718,58.0,58.0,58.0
20230426_1,76.0,66.0,71.13050615595075,69.19725007321158,67.26399399047239,66.2973659491028,74.0,74.0,74.0,72.0,60.0,65.67058823529412,67.70446849736506,69.738348759436,70.75528889047146,64.0,62.0,62.0
20230426_2,80.0,66.0,71.81429265921244,69.00683145340902,66.19937024760561,64.79563964470391,76.0,76.0,76.0,72.0,60.0,66.47350510452115,69.27000844754903,72.06651179057693,73.46476346209086,62.0,62.0,62.0
20230427_0,92.0,74.0,82.91099163679809,79.72745749924758,76.54392336169705,74.9521562929218,88.0,88.0,88.0,86.0,64.0,77.49163679808841,80.72551251389876,83.95938822970912,85.5763260876143,74.0,74.0,74.0
20230427_1,90.0,80.0,84.77528386585688,82.99230344870527,81.20932303155365,80.31783282297785,88.0,88.0,88.0,86.0,76.0,79.17771322946923,80.74023308642217,82.30275294337511,83.08401287185157,78.0,78.0,78.0
20230427_2,96.0,82.0,86.662786185487,83.39973539459042,80.13668460369385,78.50515920824556,92.0,94.0,94.0,90.0,76.0,81.32479627473806,84.53925467784858,87.75371308095907,89.36094228251433,78.0,78.0,78.0
20230428_0,102.0,-26.0,89.51294498381877,84.63901842092469,79.7650918580306,77.32812857658357,96.0,98.0,98.0,96.0,-30.0,84.28047464940668,89.13909926661324,93.9977238838198,96.42703619242309,80.0,80.0,80.0
20230428_1,96.0,80.0,86.79516358463727,84.13968093040798,81.48419827617869,80.15645694906404,92.0,92.0,92.0,92.0,74.0,81.42389758179232,84.20787330734194,86.99184903289157,88.38383689566638,78.0,78.0,78.0
20230428_2,94.0,82.0,86.86265607264473,84.67125234556742,82.47984861849014,81.38414675495149,90.0,90.0,90.0,88.0,76.0,81.44154370034052,83.62902018693565,85.81649667353078,86.91023491682834,78.0,78.0,78.0
20230504_1,112.0,80.0,104.77825116656523,100.22199591063458,95.66574065470394,93.3876130267386,108.0,110.0,110.0,108.0,72.0,99.90342868736052,104.92145690111688,109.93948511487325,112.44849922175143,94.0,90.0,90.0
20230504_2,108.0,74.0,90.75634665888532,83.2352234672938,75.71410027570231,71.95353867990656,98.0,104.0,104.0,102.0,68.0,86.14356580099212,93.7071388566926,101.27071191239305,105.05249844024328,76.0,74.0,74.0
20230505_0,98.0,86.0,92.08168421052632,90.23836315965315,88.39504210877998,87.47338158334338,94.0,94.0,94.0,92.0,80.0,87.56294736842105,89.48042133411276,91.39789529980446,92.35663228265031,86.0,84.0,84.0
20230505_1,98.0,82.0,89.5769474350855,87.4917578119722,85.4065681888589,84.36397337730224,92.0,92.0,92.0,90.0,78.0,85.18007177538526,87.18215044472508,89.1842291140649,90.18526844873482,82.0,82.0,82.0
20230505_2,98.0,86.0,91.6591060707138,89.90936407111647,88.15962207151914,87.28475107172046,94.0,94.0,94.0,90.0,82.0,87.12274849899933,88.9596799533431,90.79661140768687,91.71507713485875,84.0,84.0,84.0
20230508_1,92.0,82.0,85.12691507471156,83.24173982210417,81.35656456949675,80.41397694319305,88.0,88.0,88.0,86.0,76.0,80.64308681672026,82.45308891875618,84.2630910207921,85.16809207181007,78.0,78.0,78.0
20230508_2,86.0,72.0,80.93399750933997,77.76070859619172,74.58741968304346,73.00077522646934,84.0,84.0,84.0,82.0,68.0,76.62079701120797,79.73705023942753,82.85330346764711,84.41143008175689,72.0,70.0,70.0
20230509_0,88.0,74.0,79.99677093844602,77.59605998807706,75.1953490377081,73.9949935625236,82.0,84.0,84.0,80.0,68.0,75.46518668012109,77.7838957887033,80.1026048972855,81.26195945157662,72.0,72.0,72.0
20230509_1,78.0,60.0,65.24941724941725,62.01359950636676,58.77778176331627,57.159872891791025,68.0,74.0,74.0,72.0,54.0,60.86635586635587,63.93008708295487,66.99381829955388,68.52568390785338,58.0,58.0,58.0
20230509_2,68.0,58.0,61.80372450487733,59.88231834850318,57.96091219212903,57.000209113941956,64.0,64.0,64.0,62.0,52.0,57.24091043452557,59.28959768608923,61.338284937652894,62.362628563434725,54.0,54.0,54.0
20230510_0,74.0,56.0,65.79517286366601,61.314606037244104,56.8340392108222,54.593755797611244,72.0,72.0,72.0,68.0,50.0,61.21983039791259,65.73245710496903,70.24508381202547,72.5013971655537,56.0,54.0,54.0
20230510_1,82.0,68.0,74.07261853908587,71.38265326020137,68.69268798131688,67.34770534187463,78.0,78.0,78.0,76.0,64.0,69.59589918838104,72.38368043172088,75.1714616750607,76.56535229673062,66.0,66.0,66.0
20230510_2,76.0,62.0,69.0552355133853,65.05769403963605,61.06015256588681,59.061381829012184,74.0,74.0,74.0,70.0,56.0,64.45340562521179,68.43460480038024,72.41580397554868,74.40640356313291,60.0,58.0,58.0
20230511_0,78.0,60.0,66.60070818579463,64.0635034578112,61.526298729827765,60.25769636583605,70.0,72.0,72.0,72.0,54.0,61.871693397208915,64.3929762689447,66.91425914068047,68.17490057654837,60.0,58.0,58.0
20230511_1,76.0,62.0,68.7337876456364,65.9991673901524,63.2645471346684,61.897237006926396,72.0,72.0,72.0,70.0,56.0,64.0175862826995,66.80744861184907,69.59731094099864,70.99224210557344,60.0,60.0,60.0
20230511_2,82.0,68.0,72.00755124056094,69.45548809102937,66.9034249414978,65.62739336673201,76.0,78.0,78.0,76.0,62.0,67.44606256742179,70.07078845846218,72.69551434950255,74.00787729502274,64.0,64.0,64.0
20230512_0,298.0,-146.0,70.95039222185395,-31.12615738466046,-133.20270699117486,-184.24098179443206,210.0,240.0,240.0,292.0,-152.0,66.21168931609768,168.22301533008584,270.234341344074,321.240004351068,-70.0,-109.89999999999986,-109.8999999999985
20230512_1,86.0,62.0,71.25387787158846,67.73612313562201,64.21836839965556,62.45949103167234,74.0,76.0,76.0,78.0,56.0,66.56705281759278,70.05739451895124,73.54773622030969,75.29290707098892,62.0,60.0,60.0
20230512_2,74.0,62.0,68.65934705155239,66.2394097309028,63.819472410253226,62.60950374992843,72.0,72.0,72.0,70.0,58.0,63.81996655275213,66.15370868199776,68.48745081124338,69.6543218758662,60.0,60.0,60.0
20230515_1,78.0,60.0,67.76907710747103,64.09512654785092,60.4211759882308,58.584200708420745,74.0,74.0,74.0,72.0,56.0,62.97722732720735,66.44523161344034,69.91323589967332,71.64723804278982,58.0,58.0,58.0
20230515_2,70.0,56.0,64.62398302087018,62.23066148969486,59.837339958519536,58.64067919293187,68.0,68.0,68.0,64.0,52.0,59.98089847895295,62.49757804739218,65.01425761583141,66.27259740005101,56.0,56.0,56.0
20230516_0,70.0,58.0,65.57052926089997,63.305194139270526,61.03985901764108,59.90719145682635,68.0,68.0,68.0,66.0,54.0,60.827232455117745,63.193870289335194,65.56050812355264,66.74382704066137,58.0,56.0,56.0
20230516_1,68.0,56.0,63.328073993471165,60.518937163114515,57.709800332757865,56.30523191757955,66.0,66.0,66.0,64.0,52.0,58.57562568008705,61.3803823812352,64.18513908238334,65.58751743295741,54.0,54.0,54.0
20230516_2,62.0,54.0,57.68217054263566,56.166500096441816,54.65082965024798,53.89299442715105,60.0,60.0,60.0,56.0,48.0,52.87244538407329,54.359295893521384,55.84614640296948,56.58957165769353,52.0,50.0,50.0
20230517_0,60.0,46.0,53.36425712267483,50.44391839355486,47.52357966443489,46.06341029987491,58.0,58.0,58.0,56.0,42.0,48.7581822462915,51.70370157545069,54.64922090460987,56.12198056918947,44.0,44.0,44.0
20230517_1,58.0,48.0,52.79229480737018,50.33086643692989,47.869438066489586,46.638723881269435,56.0,56.0,56.0,54.0,42.0,47.98827470686767,50.47195308786378,52.95563146885989,54.19747065935795,44.0,44.0,44.0
20230517_2,62.0,52.0,57.24666666666667,55.601048776135535,53.9554308856044,53.13262194033883,60.0,60.0,60.0,56.0,46.0,52.187333333333335,53.869945375164896,55.552557416996464,56.393863437912245,50.0,50.0,50.0
20230518_0,60.0,50.0,55.41098525325924,53.71040344514132,52.0098216370234,51.159530732964434,58.0,58.0,58.0,56.0,44.0,50.47104082068818,52.21243547137991,53.95383012207164,54.82452744741751,48.0,48.0,48.0
20230518_1,62.0,48.0,54.32518918918919,51.35886597475131,48.39254276031343,46.90938115309449,58.0,60.0,60.0,56.0,44.0,49.35654054054054,52.2477732852149,55.139006029889245,56.58462240222642,46.0,46.0,46.0
20230518_2,54.0,46.0,51.53301737756714,50.010971246184496,48.48892511480185,47.72790204911053,54.0,54.0,54.0,50.0,40.0,46.44423380726698,48.06382460665223,49.68341540603748,50.4932108057301,44.0,44.0,44.0
20230519_0,58.0,42.0,52.68074834037417,49.392810883616214,46.10487342685826,44.46090469847928,56.0,56.0,56.0,54.0,36.0,47.68819151076242,51.05475382553549,54.42131614030856,56.10459729769509,42.0,42.0,42.0
20230519_1,58.0,52.0,55.563543003851095,54.30867483497025,53.05380666608941,52.426372581648984,58.0,58.0,58.0,54.0,46.0,50.55125618925362,51.76463567757027,52.97801516588691,53.58470491004523,50.0,48.0,48.0
20230522_0,80.0,62.0,68.66347469220246,64.49350307153804,60.32353145087364,58.23854564054143,74.0,76.0,76.0,74.0,56.0,63.78431372549019,67.91755524633392,72.05079676717766,74.11741752759951,58.0,58.0,58.0
20230522_1,82.0,64.0,75.2275094271862,72.02592639685594,68.82434336652565,67.22355185136053,80.0,80.0,80.0,78.0,54.0,70.15694020470461,73.45539732457202,76.75385444443944,78.40308300437314,66.0,64.0,64.0
20230522_2,78.0,70.0,73.9438775510204,72.39751652129198,70.85115549156353,70.07797497669931,76.0,76.0,76.0,74.0,66.0,69.23086734693878,70.70310045975967,72.17533357258057,72.91145012899102,68.0,68.0,68.0
20230523_0,188.0,-44.0,72.59524614171454,15.015060286514249,-42.56512556868604,-71.3552184962862,160.0,166.0,166.0,184.0,-48.0,67.58769854680635,125.16644854718847,182.74519854757057,211.53457354776162,-20.0,-28.0,-28.0
20230523_1,84.0,70.0,74.8703380415807,72.9119961518937,70.95365426220671,69.97448331736321,76.0,78.0,78.0,78.0,66.0,69.99285827646405,71.97402820921272,73.95519814196138,74.94578310833572,68.0,68.0,68.0
20230523_2,78.0,68.0,72.36303630363037,70.60410044239845,68.84516458116653,67.96569665055057,74.0,74.0,74.0,72.0,62.0,67.37713771377138,69.27890743152388,71.18067714927638,72.13156200815263,64.0,64.0,64.0
20230524_0,92.0,44.0,64.98334387518449,63.40229279599629,61.82124171680809,61.03071617721399,66.0,68.0,68.0,86.0,40.0,59.965422728231076,61.50132302963612,63.03722333104116,63.80517348174368,58.0,58.0,58.0
20230524_1,76.0,60.0,67.67664426796986,65.1268695051834,62.57709474239693,61.302207361003695,70.0,72.0,72.0,70.0,56.0,62.732233760944816,65.13871448965662,67.54519521836843,68.74843558272433,60.0,60.0,60.0
20230524_2,72.0,60.0,65.31586503948313,63.441402477815835,61.56693991614854,60.6297086353149,68.0,68.0,68.0,66.0,56.0,60.49748743718593,62.441003053889126,64.38451867059233,65.35627647894393,58.0,58.0,58.0
20230525_0,66.0,66.0,66.0,,,,66.0,66.0,66.0,60.0,60.0,60.0,,,,60.0,60.0,60.0
20230525_1,68.0,56.0,62.85240583888989,60.56942752643585,58.28644921398182,57.1449600577548,66.0,66.0,66.0,62.0,52.0,57.88178050099117,60.22669815206383,62.57161580313649,63.74407462867282,54.0,54.0,54.0
20230525_2,62.0,50.0,55.57674418604651,52.209286578041755,48.84182897003699,47.158100166034615,60.0,60.0,60.0,58.0,44.0,50.573488372093024,54.032811621938656,57.49213487178429,59.22179649670711,46.0,46.0,46.0
20230526_0,158.0,-42.0,62.62627101058311,60.11957950547172,57.61288800036033,56.35954224780464,64.0,64.0,64.0,152.0,-48.0,57.797053330566506,60.278931116182555,62.76080890179861,64.00174779460663,56.0,56.0,56.0
20230526_1,78.0,52.0,61.18494013862634,55.52693181578123,49.86892349293613,47.03991933151357,72.0,72.0,72.0,72.0,48.0,56.599243856332706,62.254990551015354,67.910737245698,70.73861059303933,52.0,50.0,50.0
20230526_2,78.0,64.0,68.85807150595883,67.12910263113125,65.40013375630366,64.53564931888985,70.0,72.0,72.0,72.0,60.0,64.20910075839653,65.81768096054208,67.42626116268761,68.23055126376039,62.0,62.0,62.0
20230529_1,70.0,56.0,61.13266097750194,59.11310287834138,57.09354477918082,56.083765729600536,64.0,64.0,64.0,64.0,52.0,56.404577191621414,58.334084246276234,60.263591300931054,61.228344828258464,54.0,54.0,54.0
20230529_2,62.0,56.0,59.2576,58.12073772783845,56.98387545567691,56.41544431959613,60.0,60.0,60.0,58.0,50.0,54.72128,55.94448642430703,57.16769284861405,57.77929606076757,54.0,52.400000000000034,52.40000000000026
20230530_0,64.0,56.0,60.22167487684729,58.941845514949904,57.66201615305252,57.02210147210382,62.0,62.0,62.0,60.0,48.0,55.76009852216749,57.087722659066465,58.41534679596544,59.07915886441493,54.0,54.0,54.0
20230530_1,64.0,54.0,59.24971793907484,57.3680195309408,55.48632112280676,54.545471918739736,62.0,62.0,62.0,60.0,50.0,54.85445656261753,56.67204296935562,58.489629376093724,59.39842257946277,52.0,52.0,52.0
20230530_2,62.0,54.0,58.14572729708009,56.871789899638024,55.59785250219595,54.960883803474914,60.0,60.0,60.0,58.0,50.0,53.71551031342084,54.94809227576854,56.180674238116225,56.79696521929007,52.0,52.0,52.0
20230531_0,64.0,44.0,50.77865612648221,46.28420903149537,41.78976193650853,39.542538389015114,58.0,60.0,60.0,60.0,38.0,46.133309378368665,50.50262747166419,54.871945564959724,57.05660461160748,42.0,42.0,42.0
20230531_1,52.0,42.0,47.07828923523016,45.42828118572899,43.77827313622782,42.95326911147723,50.0,50.0,50.0,48.0,38.0,42.65857194635738,44.25716825529594,45.8557645642345,46.655062718703775,40.0,40.0,40.0
20230531_2,54.0,40.0,48.163987138263664,46.15065447615737,44.13732181405108,43.13065548299793,50.0,50.0,50.0,50.0,36.0,43.79635584137192,45.82570564802167,47.85505545467141,48.86973035799628,42.0,40.0,40.0
20230601_0,48.0,40.0,43.91880969875092,42.475654849488265,41.03250000022561,40.31092257559428,46.0,46.0,46.0,44.0,34.0,39.16531961792799,40.59099764743232,42.016675676936636,42.7295146916888,38.0,38.0,38.0
20230601_1,48.0,40.0,43.699401391360624,42.1230034765097,40.54660556165878,39.75840660423332,46.0,46.0,46.0,44.0,34.0,39.358032680795986,40.93151199894024,42.50499131708448,43.29173097615661,38.0,38.0,38.0
20230601_2,64.0,42.0,47.43464901914441,43.8842792633601,40.33390950757579,38.55872462968364,52.0,56.0,56.0,58.0,38.0,42.95343890333255,46.332341164116826,49.71124342490111,51.400694555293256,40.0,40.0,40.0
20230602_0,56.0,46.0,51.61571043511744,49.83509082213391,48.05447120915037,47.16416140265861,54.0,54.0,54.0,52.0,38.0,46.80400462071621,48.505969180560925,50.20793374040564,51.058916020328,44.0,44.0,44.0
20230602_1,62.0,46.0,51.06646474844355,48.88037509925578,46.69428545006801,45.60124062547413,54.0,54.0,54.0,52.0,42.0,46.73363621066801,48.78355785505987,50.83347949945172,51.85844032164765,44.0,44.0,44.0
20230602_2,58.0,44.0,48.41344537815126,46.31503737807287,44.216629377994494,43.1674253779553,52.0,54.0,54.0,52.0,40.0,43.920672268907566,46.0284985487305,48.13632482855342,49.190237968464885,42.0,42.0,42.0
20230605_0,58.0,44.0,51.56224602881419,49.83192808084882,48.10161013288345,47.23645115890076,54.0,54.0,54.0,54.0,40.0,46.80088659032139,48.63812862494967,50.47537065957796,51.3939916768921,44.0,44.0,44.0
20230605_1,58.0,46.0,54.15409004438808,52.218295495523606,50.282500946659134,49.3146036722269,56.0,56.0,56.0,54.0,42.0,49.43690551680406,51.50103852132666,53.56517152584927,54.597238028110574,46.0,46.0,46.0
20230605_2,56.0,48.0,51.98649350649351,50.35482954904761,48.7231655916017,47.907333612878745,54.0,54.0,54.0,52.0,42.0,47.05922077922078,48.657194429681006,50.255168080141225,51.05415490537134,46.0,44.0,44.0
20230606_0,54.0,44.0,47.73844714686623,46.474723891781714,45.21100063669721,44.57913900915495,50.0,50.0,50.0,48.0,40.0,42.7509822263798,43.94771847408761,45.14445472179542,45.74282284564932,42.0,42.0,42.0
20230606_1,56.0,46.0,52.062027231467475,50.14628480354615,48.23054237562483,47.272671161664164,54.0,54.0,54.0,52.0,40.0,46.95877458396369,48.99564917902413,51.03252377408456,52.05096107161478,44.0,44.0,44.0
20230606_2,58.0,50.0,53.970687711386695,52.80776173764324,51.644835763899785,51.06337277702806,56.0,56.0,56.0,52.0,46.0,49.120067643742956,50.268834303666885,51.41760096359081,51.99198429355277,48.0,48.0,48.0
20230607_0,58.0,48.0,50.7470885519666,49.590749223531155,48.43440989509571,47.856240230877994,52.0,52.0,52.0,50.0,42.0,45.64930784442979,46.8241630208879,47.99901819734601,48.58644578557506,44.0,44.0,44.0
20230607_1,54.0,48.0,51.41845018450184,50.362504527767584,49.306558871033324,48.77858604266619,52.0,52.0,52.0,48.0,42.0,46.25682656826568,47.29900371302856,48.34118085779144,48.86226943017289,46.0,44.0,44.0
20230607_2,56.0,50.0,53.25974430932335,52.18973212570476,51.11971994208616,50.584713850276856,54.0,54.0,54.0,50.0,46.0,48.22388525101341,49.36453253605587,50.50517982109833,51.07550346361956,46.0,46.0,46.0
20230608_0,56.0,50.0,51.87000783085357,50.41999313171957,48.96997843258558,48.24497108301858,54.0,54.0,54.0,50.0,42.0,46.82850430696946,48.24491555686971,49.66132680676996,50.369532431720074,46.0,46.0,46.0
20230608_1,54.0,44.0,50.1156382079459,48.22691334336235,46.3381884787788,45.39382604648702,52.0,52.0,52.0,50.0,38.0,45.08841927303466,46.96366051420357,48.838901755372476,49.77652237595693,42.0,42.0,42.0
20230608_2,50.0,40.0,43.833382570162485,41.71777945812772,39.60217634609297,38.54437479007559,48.0,48.0,48.0,46.0,34.0,38.92525849335303,41.01924476041604,43.11323102747906,44.16022416101056,36.0,36.0,36.0
20230609_0,52.0,40.0,45.879953650057935,43.72347555544665,41.56699746083536,40.488758413529716,48.0,48.0,48.0,46.0,36.0,40.815758980301275,43.05961570412869,45.3034724279561,46.425400789869805,38.0,38.0,38.0
20230609_1,50.0,34.0,42.71943711521548,38.9034013104786,35.08736550574172,33.17934760337328,48.0,48.0,48.0,44.0,28.0,37.77000879507476,41.63202941319892,45.494050031323084,47.425060340385166,32.0,32.0,32.0
20230609_2,48.0,38.0,43.83972835314092,42.120634831869175,40.40154131059742,39.54199454996155,46.0,46.0,46.0,44.0,32.0,38.77894736842105,40.48422756510399,42.189507761786935,43.0421478601284,36.0,36.0,36.0
20230612_0,50.0,38.0,42.10730478589421,40.158198733900846,38.20909268190748,37.234539655910794,44.0,46.0,46.0,42.0,32.0,37.11939546599496,38.89330044188053,40.6672054177661,41.554157905708884,36.0,34.0,34.0
20230612_1,54.0,42.0,44.78549848942598,43.23384907101477,41.68219965260354,40.906374943397935,46.0,46.5,46.5,44.0,32.0,39.85196374622357,41.40017783673994,42.94839192725632,43.7224989725145,38.0,38.0,38.0
20230612_2,48.0,36.0,43.58072126727334,41.89000076262324,40.199280257973136,39.353920005648085,46.0,46.0,46.0,42.0,32.0,38.79878665318503,40.42366028092349,42.04853390866195,42.86097072253118,38.0,36.0,36.0
20230613_0,48.0,40.0,44.95915678524374,43.63606089744002,42.312965009636294,41.651417065734435,46.0,46.0,46.0,44.0,28.0,39.82564778216952,41.169755351089904,42.51386292001029,43.18591670447048,38.0,38.0,38.0
20230613_1,48.0,34.0,41.11356032277111,37.39344380996522,33.67332729715934,31.813269040756396,46.0,46.0,46.0,42.0,28.0,36.28183428458965,40.03914771226549,43.79646113994133,45.67511785377924,32.0,30.0,30.0
20230613_2,48.0,38.0,42.930923176242736,41.40838582889229,39.885848481541856,39.12457980786664,44.0,44.0,44.0,42.0,34.0,37.81471917366043,39.40107209705802,40.98742502045562,41.78060148215442,36.0,34.0,34.0
20230614_0,48.0,-62.0,43.7312108559499,40.94672409330281,38.16223733065573,36.76999394933218,46.0,46.0,46.0,44.0,-66.0,38.61638830897704,41.57843355459995,44.540478800222864,46.021501423034316,36.0,34.0,34.0
20230614_1,54.0,40.0,45.43551888840643,42.593445158584245,39.75137142876207,38.33033456385098,48.0,52.0,52.0,48.0,34.0,40.47242726877985,43.37437158921401,46.27631590964817,47.727288069865246,36.0,36.0,36.0
20230614_2,54.0,44.0,49.195409064155385,47.35418035429193,45.51295164442847,44.59233728949673,52.0,52.0,52.0,50.0,40.0,43.987639788110656,45.76568938480244,47.54373898149422,48.432763779840116,42.0,42.0,42.0
20230615_0,74.0,26.0,43.995,42.19444823374556,40.393896467491125,39.4936205843639,46.0,48.0,48.0,68.0,18.0,38.68,40.4622065178431,42.24441303568619,43.13551629460775,36.0,36.0,36.0
20230615_1,54.0,44.0,48.864140480591495,46.15558234494822,43.447024209304956,42.09274514148332,52.0,52.0,52.0,50.0,38.0,43.845656192236596,46.38004634106685,48.91443648989711,50.18163156431224,40.0,40.0,40.0
20230615_2,48.0,38.0,44.14310524487669,41.92207988213171,39.70105451938674,38.590541838014246,46.0,48.0,48.0,44.0,34.0,39.360889197638066,41.3747428949718,43.38859659230553,44.3955234409724,36.0,36.0,36.0
20230616_0,48.0,48.0,48.0,,,,48.0,48.0,48.0,36.0,36.0,36.0,,,,36.0,36.0,36.0
20230616_1,46.0,38.0,42.25271739130435,40.74847895576177,39.24424052021918,38.49212130244789,44.0,44.0,44.0,40.0,34.0,37.25679347826087,38.582964935932154,39.90913639360344,40.57222212243908,36.0,36.0,36.0
20230616_2,46.0,38.0,41.2510540436949,39.92115950687756,38.591264970060216,37.92631770165154,42.0,44.0,44.0,40.0,32.0,36.200076657723265,37.350490024460086,38.500903391196914,39.07611007456533,36.0,34.0,34.0
20230619_0,44.0,36.0,38.766257508487854,36.972575889939264,35.17889427139068,34.28205346211639,42.0,42.0,42.0,40.0,30.0,33.48811700182815,35.03608811164897,36.58405922146979,37.3580447763802,32.0,32.0,32.0
20230619_1,42.0,32.0,37.57744874715262,36.10577448945068,34.63410023174874,33.898263102897765,40.0,40.0,40.0,36.0,28.0,32.33257403189066,33.764089597083874,35.19560516227709,35.911362944873694,30.0,30.0,30.0
20230619_2,44.0,34.0,37.84633853541416,35.987747378674776,34.12915622193539,33.19986064356569,40.0,40.0,40.0,38.0,28.0,32.68987595038015,34.364183027343145,36.03849010430614,36.87564364278764,30.0,30.0,30.0
20230620_0,48.0,36.0,40.63332020480504,38.937171841204425,37.24102347760381,36.392949295803504,42.0,44.0,44.0,40.0,30.0,35.295785742418275,36.91190637690634,38.52802701139439,39.33608732863843,34.0,34.0,34.0
20230620_1,42.0,30.0,34.04597064525062,31.640738071859445,29.235505498468275,28.032889211772687,38.0,38.0,38.0,34.0,24.0,28.602603157020216,30.761443484521696,32.92028381202317,33.99970397577391,26.0,26.0,26.0
20230620_2,36.0,30.0,31.864886095836606,30.4058823696344,28.9468786434322,28.217376780331097,34.0,34.0,34.0,30.0,24.0,26.58366064414768,27.63119123886788,28.67872183358808,29.20248713094818,26.0,26.0,26.0
20230621_0,36.0,28.0,32.09665871121718,30.636558525106317,29.176458338995452,28.44640824594002,34.0,34.0,34.0,30.0,22.0,26.519490851233094,28.207929044428653,29.896367237624215,30.740586334221994,24.0,24.0,24.0
20230621_1,34.0,24.0,29.34418701732415,27.317257893771348,25.290328770218547,24.27686420844215,32.0,32.0,32.0,28.0,20.0,23.62095595908996,25.23403248266842,26.847109006246882,27.65364726803611,22.0,22.0,22.0
20230621_2,30.0,24.0,25.76103896103896,24.923397676344365,24.085756391649774,23.666935749302475,26.0,26.0,26.0,22.0,18.0,20.604329004329003,21.674487375279686,22.744645746230372,23.279724931705715,20.0,20.0,20.0
20230626_1,34.0,18.0,25.608121827411168,23.83136145926366,22.054601091116155,21.1662209070424,28.0,28.0,28.0,28.0,14.0,19.745685279187818,21.624819151511968,23.503953023836115,24.44351995999819,18.0,18.0,18.0
20230626_2,30.0,22.0,24.772655007949126,23.38847898398077,22.00430296001242,21.31221494802824,26.0,26.0,26.0,22.0,16.0,19.266560678325384,20.859379927170725,22.452199176016066,23.24860880043874,18.0,16.0,16.0
20230627_0,28.0,20.0,24.405535886707433,22.569270956652094,20.733006026596755,19.814873561569087,26.0,28.0,28.0,24.0,12.0,18.052784036047633,20.13166501150965,22.210545986971667,23.249986474702677,16.0,14.0,14.0
20230627_1,28.0,8.0,20.648,17.55790040836959,14.467800816739178,12.922751020923972,24.0,26.0,26.0,22.0,4.0,14.012,17.54244496014974,21.07288992029948,22.838112400374353,10.0,8.0,8.0
20230627_2,22.0,10.0,17.217838765008576,15.399237855085392,13.58063694516221,12.671336490200618,20.0,20.0,20.0,18.0,4.0,10.75385934819897,12.879746779003822,15.005634209808672,16.0685779252111,8.0,8.0,8.0
20230628_0,20.0,6.0,14.85520542481053,13.049119282204993,11.243033139599456,10.33999006829669,16.0,18.0,18.0,12.0,-2.0,7.668927004387714,9.501636089659508,11.334345174931302,12.2506997175672,6.0,6.0,6.0
20230628_1,24.0,8.0,12.640087783467447,10.013153190379956,7.386218597292467,6.072751300748722,16.0,18.0,18.0,14.0,2.0,7.202633504023409,9.453440655971843,11.704247807920279,12.829651383894495,6.0,4.0,4.0
20230628_2,24.0,12.0,18.106395019807582,14.773930244079233,11.441465468350884,9.77523308048671,22.0,22.0,22.0,18.0,6.0,13.198641765704584,16.772270856869664,20.345899948034745,22.132714493617286,10.0,8.0,8.0
20230629_0,30.0,16.0,21.17523609653725,19.34141127490642,17.507586453275586,16.590674042460172,22.0,24.0,24.0,20.0,10.0,14.118223154949282,15.4190331213928,16.71984308783632,17.37024807105808,12.0,12.0,12.0
20230629_1,22.0,12.0,14.673069679849341,12.728729812897665,10.784389945945987,9.81222001247015,18.0,20.0,20.0,14.0,6.0,8.698305084745762,10.340348105705422,11.98239112666508,12.803412637144909,8.0,8.0,8.0
20230629_2,18.0,10.0,14.059213089209194,12.905581862184826,11.751950635160458,11.175135021648273,16.0,16.0,16.0,12.0,4.0,8.112972341254382,9.22746938992127,10.341966438588157,10.8992149629216,6.0,6.0,6.0
20230630_0,28.0,16.0,20.122130394857667,17.980229012461653,15.838327630065638,14.767376938867631,22.0,24.0,24.0,18.0,6.0,11.814508723599634,13.441827961724677,15.069147199849718,15.88280681891224,10.0,10.0,10.0
20230630_1,24.0,10.0,17.188982402448357,14.327688206633205,11.466394010818053,10.035746912910477,20.0,22.0,22.0,20.0,6.0,10.674062739097169,13.263474297944233,15.852885856791298,17.14759163621483,8.0,8.0,8.0
20230630_2,26.0,14.0,20.12091503267974,18.28235633112282,16.443797629565903,15.524518278787443,22.0,22.0,22.0,18.0,8.0,13.55718954248366,15.315244647731404,17.073299752979146,17.95232730560302,12.0,12.0,12.0
20230703_0,20.0,20.0,20.0,,,,20.0,20.0,20.0,6.0,6.0,6.0,,,,6.0,6.0,6.0
20230703_1,36.0,12.0,21.846630955737243,18.59602611636523,15.34542127699322,13.720118857307213,26.0,28.0,28.0,24.0,6.0,13.20327036932619,17.255678107721515,21.308085846116835,23.334289715314497,8.0,8.0,8.0
20230703_2,20.0,4.0,14.452173913043477,11.027261080117924,7.602348247192371,5.889891830729594,18.0,20.0,20.0,12.0,-2.0,6.823913043478261,9.100604301147136,11.377295558816009,12.515641187650447,4.0,2.0,2.0
20230704_0,58.0,0.0,23.508978826051997,22.144900293200052,20.780821760348108,20.098782493922133,24.0,26.0,26.0,42.0,-16.0,9.691771642991155,10.811128192818243,11.930484742645332,12.490163017558876,8.0,8.0,8.0
20230704_1,30.0,20.0,22.44923076923077,21.55685196443138,20.66447315963199,20.218283757232292,24.0,24.0,24.0,10.0,6.0,9.526153846153846,10.384409669296918,11.24266549243999,11.671793404011524,8.0,8.0,8.0
20230704_2,26.0,20.0,22.133138969873663,21.62290347168258,21.112667973491497,20.857550224395958,22.0,24.0,24.0,18.0,10.0,13.34013605442177,14.913477525461762,16.486818996501754,17.273489732021748,12.0,12.0,12.0
20230705_0,346.0,14.0,24.478640330730364,7.789202285424725,-8.900235759880914,-17.244954782533732,24.0,26.0,26.0,278.0,4.0,16.197519522278366,27.263644854743163,38.329770187207956,43.86283285344035,10.0,8.0,8.0
20230705_1,32.0,20.0,23.433193529059317,22.08965527409697,20.746117019134623,20.074347891653446,26.0,26.0,26.0,22.0,14.0,17.34931096464949,18.98743770560216,20.625564446554833,21.44462781703117,16.0,14.0,14.0
20230705_2,32.0,22.0,26.498381877022652,23.370215883861093,20.242049890699533,18.677966894118754,30.0,32.0,32.0,24.0,16.0,19.84304207119741,21.33079236635406,22.818542661510712,23.56241780908904,18.0,18.0,18.0
20230706_0,56.0,26.0,28.7966573816156,27.49053262396107,26.184407866306543,25.53134548747928,30.0,30.0,30.0,42.0,14.0,20.711234911792015,22.71707729750638,24.72291968322074,25.72584087607792,18.0,18.0,18.0
20230706_1,32.0,20.0,26.099897013388258,23.81825647321527,21.536615933042288,20.395795662955795,30.0,30.0,30.0,24.0,14.0,18.815653964984552,20.75497087753591,22.694287790087266,23.663946246362947,16.0,16.0,16.0
20230706_2,30.0,24.0,27.46113074204947,25.91396775478815,24.366804767526833,23.59322327389617,30.0,30.0,30.0,24.0,16.0,21.319787985865723,23.092016210904426,24.86424443594313,25.750358548462483,18.0,18.0,18.0
20230707_0,48.0,26.0,28.220209723546233,26.985235540005824,25.750261356465412,25.132774264695207,30.0,30.0,30.0,22.0,10.0,19.360343183984746,21.999830980652725,24.6393187773207,25.95906267565469,14.0,12.0,12.0
20230707_1,34.0,18.0,25.005966039467644,22.670181962322516,20.33439788517739,19.16650584660482,28.0,28.0,28.0,20.0,8.0,13.260211106011932,15.598012839152794,17.935814572293655,19.104715438864087,10.0,10.0,10.0
20230707_2,28.0,18.0,22.827150749802684,20.213970822603457,17.60079089540423,16.294200931804617,26.0,26.0,26.0,16.0,10.0,13.74585635359116,15.46420950587643,17.182562658161704,18.041739234304337,12.0,12.0,12.0
20230710_0,48.0,22.0,25.596547024079964,24.209310766200968,22.822074508321975,22.128456379382477,28.0,28.0,28.0,20.0,6.0,17.016810540663336,18.51959250785189,20.022374475040444,20.77376545863472,16.0,16.0,16.0
20230710_1,66.0,22.0,43.39092111062142,31.732302326038518,20.073683541455615,14.244374149164166,60.0,60.0,60.0,56.0,2.0,25.04186866460996,29.24362684603782,33.445385027465676,35.54626411817961,18.0,16.0,16.0
20230710_2,54.0,30.0,35.70657276995305,33.40737677486248,31.108180779771903,29.958582782226614,38.0,38.0,38.0,34.0,22.0,27.068075117370892,28.46306853357347,29.858061949776044,30.55555865787733,26.0,26.0,26.0
20230711_0,62.0,30.0,41.4255033557047,38.355223928042705,35.2849445003807,33.74980478654971,44.0,46.0,46.0,48.0,4.0,27.91677852348993,31.299434929817988,34.682091336146044,36.37341953931007,26.0,26.0,26.0
20230711_1,64.0,32.0,45.79005020538567,39.65193576350786,33.51382132163005,30.44476410069114,50.0,60.0,60.0,44.0,18.0,27.319032405294386,29.14327257972808,30.967512754161774,31.87963284137862,26.0,26.0,26.0
20230711_2,64.0,56.0,59.98390804597701,58.666687975448,57.34946790491898,56.69085786965447,62.0,62.0,62.0,32.0,24.0,28.905747126436783,30.12991461291308,31.354082099389377,31.966165842627525,28.0,26.0,26.0
20230712_0,270.0,32.0,98.34261838440112,37.288741270573524,-23.765135843254072,-54.29207440016786,226.0,236.0,236.0,32.0,-168.0,29.889972144846798,37.50815210613472,45.12633206742265,48.93542204806661,28.0,26.0,26.0
20230712_1,48.0,38.0,44.17895608947804,42.070506397553416,39.96205670562879,38.90783185966647,46.0,48.0,48.0,34.0,26.0,30.52195526097763,32.54568844693545,34.569421632893274,35.581288225872186,28.0,28.0,28.0
20230712_2,50.0,38.0,45.955414012738856,44.488047641112,43.020681269485145,42.28699808367171,48.0,48.0,48.0,36.0,28.0,32.27176220806794,33.807184858322444,35.34260750857694,36.11031883370419,30.0,30.0,30.0
20230713_0,56.0,18.0,26.645245901639345,24.98415061408896,23.323055326538572,22.49250768276338,28.0,28.0,28.0,20.0,-164.0,11.931803278688525,32.546008996812525,53.16021471493653,63.46731757399853,14.0,12.0,12.0
20230713_1,48.0,26.0,38.85757575757576,36.76668544095519,34.67579512433463,33.63034996602434,40.0,40.0,40.0,26.0,12.0,23.16262626262626,25.343858436554854,27.525090610483446,28.61570669744774,20.0,20.0,20.0
20230713_2,34.0,22.0,28.925925925925927,27.689889689267325,26.453853452608723,25.835835334279423,30.0,30.0,30.0,22.0,2.0,15.328282828282829,17.44134041898141,19.554398009679993,20.610926805029283,14.0,12.0,12.0
